# omega_M , omega_L
3.562466000000000244e-01 7.250917000000000057e-01
3.545446999999999904e-01 7.242241999999999846e-01
3.536908999999999748e-01 7.293165999999999816e-01
3.537939999999999974e-01 7.298938999999999844e-01
3.507181999999999800e-01 7.251714999999999689e-01
3.503564000000000123e-01 7.206938999999999984e-01
3.489306999999999825e-01 7.161381999999999470e-01
3.453355000000000175e-01 7.205880999999999537e-01
3.468265999999999849e-01 7.177156000000000091e-01
3.529811999999999950e-01 7.167523000000000089e-01
3.575671999999999739e-01 7.288898000000000321e-01
3.562150000000000039e-01 7.300938999999999623e-01
3.621028000000000024e-01 7.261446999999999763e-01
3.527432999999999819e-01 7.268582999999999572e-01
3.527466000000000212e-01 7.261322000000000054e-01
3.558093999999999979e-01 7.251775000000000304e-01
3.549047000000000174e-01 7.206928000000000223e-01
3.500729000000000202e-01 7.147833000000000103e-01
3.500693999999999750e-01 7.185751000000000221e-01
3.500848999999999767e-01 7.300946000000000380e-01
3.493884999999999907e-01 7.346835000000000448e-01
3.516316999999999915e-01 7.406264999999999654e-01
3.503099000000000074e-01 7.417880999999999503e-01
3.486383000000000121e-01 7.417304999999999593e-01
3.446290000000000187e-01 7.404317999999999733e-01
3.446290000000000187e-01 7.404317999999999733e-01
3.428069000000000255e-01 7.484034999999999993e-01
3.528177000000000119e-01 7.499826000000000548e-01
3.590554000000000245e-01 7.509310000000000151e-01
3.591276999999999942e-01 7.511563999999999464e-01
3.605760000000000076e-01 7.512699999999999934e-01
3.623857999999999802e-01 7.433946000000000165e-01
3.583192000000000044e-01 7.371159000000000461e-01
3.587798999999999849e-01 7.363174000000000108e-01
3.595767999999999742e-01 7.387213999999999725e-01
3.652555000000000107e-01 7.326283999999999574e-01
3.642803000000000013e-01 7.326825000000000143e-01
3.668565999999999772e-01 7.322208000000000050e-01
3.591596000000000233e-01 7.373971000000000275e-01
3.648814000000000224e-01 7.391710999999999698e-01
3.626229999999999731e-01 7.438903000000000043e-01
3.627008999999999928e-01 7.440265999999999824e-01
3.631020999999999832e-01 7.449048000000000336e-01
3.614711999999999925e-01 7.433125000000000426e-01
3.619213000000000013e-01 7.454891000000000156e-01
3.612470999999999877e-01 7.455060000000000020e-01
3.612470999999999877e-01 7.455060000000000020e-01
3.582828000000000124e-01 7.442415000000000003e-01
3.586801000000000017e-01 7.447287000000000212e-01
3.601013000000000130e-01 7.414606000000000252e-01
3.559088999999999725e-01 7.436494999999999633e-01
3.555443999999999827e-01 7.484716999999999620e-01
3.600868999999999875e-01 7.505361000000000393e-01
3.609266999999999892e-01 7.508272999999999753e-01
3.615659999999999985e-01 7.491778000000000048e-01
3.550691999999999737e-01 7.482794000000000390e-01
3.529790999999999901e-01 7.502381999999999662e-01
3.555287999999999782e-01 7.509162999999999810e-01
3.555989999999999984e-01 7.509350999999999665e-01
3.572294999999999776e-01 7.513457000000000052e-01
3.535267999999999744e-01 7.511198000000000041e-01
3.559578999999999938e-01 7.482016000000000222e-01
3.561968999999999830e-01 7.499601999999999657e-01
3.417703999999999742e-01 7.526574000000000320e-01
3.405123999999999929e-01 7.494872999999999674e-01
3.389267999999999725e-01 7.435897999999999675e-01
3.473587000000000202e-01 7.500059000000000031e-01
3.496567999999999898e-01 7.483610000000000539e-01
3.437775000000000136e-01 7.508276000000000394e-01
3.442547000000000246e-01 7.495296999999999654e-01
3.387342999999999882e-01 7.484024000000000232e-01
3.401396999999999893e-01 7.483642000000000349e-01
3.347432000000000185e-01 7.476528000000000063e-01
3.347532999999999759e-01 7.477888000000000313e-01
3.360237999999999836e-01 7.548441000000000178e-01
3.360837999999999881e-01 7.552090999999999665e-01
3.349812999999999819e-01 7.590936000000000350e-01
3.378294000000000019e-01 7.640508999999999773e-01
3.367053999999999880e-01 7.679021000000000319e-01
3.355376999999999943e-01 7.690983000000000125e-01
3.349535000000000151e-01 7.740436000000000538e-01
3.351191000000000031e-01 7.702607999999999677e-01
3.325142999999999849e-01 7.608333999999999930e-01
3.262263000000000246e-01 7.574345000000000105e-01
3.247941999999999774e-01 7.575422000000000544e-01
3.260316999999999799e-01 7.525142999999999693e-01
3.300256999999999774e-01 7.579369000000000245e-01
3.338563999999999976e-01 7.542003000000000457e-01
3.433241000000000209e-01 7.605948999999999627e-01
3.392271000000000036e-01 7.624499999999999611e-01
3.353430000000000022e-01 7.597810999999999870e-01
3.332261000000000251e-01 7.623472999999999500e-01
3.278072000000000208e-01 7.610873999999999695e-01
3.264475000000000016e-01 7.627663000000000082e-01
3.274385000000000212e-01 7.622607000000000133e-01
3.284845000000000126e-01 7.630536999999999459e-01
3.292414000000000174e-01 7.638519999999999754e-01
3.291663000000000228e-01 7.660247000000000028e-01
3.266646000000000272e-01 7.594121000000000343e-01
3.310058000000000167e-01 7.519036999999999527e-01
3.369400000000000173e-01 7.576431000000000138e-01
3.373056999999999861e-01 7.635693999999999537e-01
3.393192999999999904e-01 7.575043000000000193e-01
3.398388999999999993e-01 7.533054999999999612e-01
3.425461000000000200e-01 7.523301000000000016e-01
3.438434000000000212e-01 7.520791000000000004e-01
3.497007999999999783e-01 7.545283999999999880e-01
3.492436999999999903e-01 7.542377999999999583e-01
3.504236000000000018e-01 7.526218999999999548e-01
3.413499999999999868e-01 7.532887999999999806e-01
3.418951000000000073e-01 7.530670000000000419e-01
3.437185999999999853e-01 7.560017999999999461e-01
3.399076999999999793e-01 7.596298999999999690e-01
3.391990999999999756e-01 7.588675000000000281e-01
3.356800999999999813e-01 7.599538999999999600e-01
3.395502000000000242e-01 7.665823000000000498e-01
3.449546000000000001e-01 7.666275000000000173e-01
3.548185999999999840e-01 7.726182999999999801e-01
3.562497000000000025e-01 7.764438000000000173e-01
3.581975000000000020e-01 7.720272999999999719e-01
3.594460999999999906e-01 7.689148000000000094e-01
3.605118999999999962e-01 7.681554999999999911e-01
3.675396000000000218e-01 7.626140000000000141e-01
3.703035000000000077e-01 7.607344000000000328e-01
3.709415999999999825e-01 7.609088999999999992e-01
3.682610000000000050e-01 7.658441000000000276e-01
3.676487999999999978e-01 7.670249999999999568e-01
3.676487999999999978e-01 7.670249999999999568e-01
3.735730999999999913e-01 7.648007999999999473e-01
3.770590999999999804e-01 7.760251000000000232e-01
3.793269000000000224e-01 7.781844999999999457e-01
3.758838999999999930e-01 7.820325999999999667e-01
3.760869000000000018e-01 7.911173000000000233e-01
3.751398000000000232e-01 7.915316999999999492e-01
3.800511999999999779e-01 7.912033000000000538e-01
3.801775000000000015e-01 7.903755999999999560e-01
3.833425999999999778e-01 7.911439999999999584e-01
3.778238999999999903e-01 7.908460000000000489e-01
3.810627999999999793e-01 7.946056999999999704e-01
3.822277000000000036e-01 7.953211000000000030e-01
3.750510000000000232e-01 7.975961000000000301e-01
3.746932000000000040e-01 7.984879999999999756e-01
3.789812000000000181e-01 7.982173999999999658e-01
3.683165999999999940e-01 8.027423000000000197e-01
3.683165999999999940e-01 8.027423000000000197e-01
3.682370999999999839e-01 8.018908999999999621e-01
3.669872000000000134e-01 7.982572000000000001e-01
3.669872000000000134e-01 7.982572000000000001e-01
3.672099999999999809e-01 8.013972999999999791e-01
3.670476999999999768e-01 8.012211999999999668e-01
3.668866000000000072e-01 8.005932000000000048e-01
3.669462000000000002e-01 8.003156999999999632e-01
3.694139000000000173e-01 8.061757000000000506e-01
3.666078999999999866e-01 8.075812999999999464e-01
3.737972999999999990e-01 8.091589999999999616e-01
3.844531999999999949e-01 8.049140000000000184e-01
3.854157999999999751e-01 8.044128999999999863e-01
3.894318999999999975e-01 8.026128000000000151e-01
3.900700999999999752e-01 8.017944000000000182e-01
3.927376000000000200e-01 7.960804999999999687e-01
3.925674000000000108e-01 7.957925000000000137e-01
3.891787999999999914e-01 7.902126999999999901e-01
3.917688999999999755e-01 7.900601999999999903e-01
3.891803999999999819e-01 7.905320999999999598e-01
3.891273000000000093e-01 7.886041000000000301e-01
3.938356000000000079e-01 7.914331000000000005e-01
3.933751999999999804e-01 7.900295000000000512e-01
3.962240000000000206e-01 7.880517999999999690e-01
3.923610000000000153e-01 7.886448999999999820e-01
3.927730999999999861e-01 7.903173000000000004e-01
3.942531000000000230e-01 7.905744999999999578e-01
3.912372000000000072e-01 7.908393000000000228e-01
3.885937999999999892e-01 7.898967999999999545e-01
3.856890000000000041e-01 7.946807000000000176e-01
3.879809000000000174e-01 7.946229999999999682e-01
3.879956999999999989e-01 7.944664000000000170e-01
3.848187000000000135e-01 7.950563000000000491e-01
3.860566999999999749e-01 7.932725000000000470e-01
3.783850999999999742e-01 7.949019000000000501e-01
3.823692000000000202e-01 7.989228999999999914e-01
3.829975999999999936e-01 7.992639999999999745e-01
3.838288999999999729e-01 7.982493999999999978e-01
3.827787999999999746e-01 8.045099999999999474e-01
3.779157000000000211e-01 8.023206000000000504e-01
3.764724999999999877e-01 7.975236999999999465e-01
3.787034000000000233e-01 7.911382999999999610e-01
3.784126999999999907e-01 7.871363000000000110e-01
3.813521000000000272e-01 7.876824000000000048e-01
3.782101999999999964e-01 7.855974999999999486e-01
3.773831999999999742e-01 7.842772999999999550e-01
3.785648999999999820e-01 7.882685000000000386e-01
3.755589999999999762e-01 7.919214999999999449e-01
3.796491000000000171e-01 8.018726000000000464e-01
3.754640000000000200e-01 7.946482999999999741e-01
3.707593000000000139e-01 7.941268999999999689e-01
3.705177000000000054e-01 7.944337999999999678e-01
3.721494000000000191e-01 7.981886000000000259e-01
3.704390000000000183e-01 7.955796000000000534e-01
3.664939999999999864e-01 8.060108000000000272e-01
3.652033000000000085e-01 8.039454999999999796e-01
3.610582999999999987e-01 8.027062999999999837e-01
3.574519999999999920e-01 8.060106000000000215e-01
3.573205999999999882e-01 8.048450999999999800e-01
3.475109000000000115e-01 8.107383000000000228e-01
3.511039000000000243e-01 8.111863000000000268e-01
3.510939000000000143e-01 8.114846999999999477e-01
3.452476999999999907e-01 8.103124000000000438e-01
3.440543999999999825e-01 8.111709000000000280e-01
3.438998999999999806e-01 8.143378999999999479e-01
3.529770999999999881e-01 8.197843999999999687e-01
3.513391000000000153e-01 8.224605999999999861e-01
3.514991000000000088e-01 8.213529999999999998e-01
3.509009000000000156e-01 8.213780000000000525e-01
3.485176999999999858e-01 8.206145999999999718e-01
3.528776000000000135e-01 8.167172000000000320e-01
3.584736000000000034e-01 8.134592000000000489e-01
3.587603999999999793e-01 8.127858999999999501e-01
3.569437999999999778e-01 8.137235999999999914e-01
3.567640999999999729e-01 8.156381999999999799e-01
3.562646999999999897e-01 8.082219999999999960e-01
3.491043999999999814e-01 8.061587999999999532e-01
3.546323000000000114e-01 8.087883999999999629e-01
3.542830000000000146e-01 8.091732999999999842e-01
3.533525000000000138e-01 8.080325999999999897e-01
3.588856000000000268e-01 8.036282000000000147e-01
3.582968000000000264e-01 8.036682000000000548e-01
3.574984999999999968e-01 8.047919999999999519e-01
3.584666000000000241e-01 8.012755999999999768e-01
3.572921000000000014e-01 8.022557999999999634e-01
3.579844999999999833e-01 8.010045999999999555e-01
3.625542999999999960e-01 7.988334999999999742e-01
3.701143000000000072e-01 8.055160000000000098e-01
3.720468000000000108e-01 8.056147999999999643e-01
3.677522999999999764e-01 8.018593000000000526e-01
3.673796999999999757e-01 8.039595999999999965e-01
3.653447000000000222e-01 8.006653000000000242e-01
3.671730000000000271e-01 8.040853000000000028e-01
3.654043000000000152e-01 8.076417999999999653e-01
3.638642999999999739e-01 8.106468999999999481e-01
3.634970000000000145e-01 8.061409000000000491e-01
3.686768999999999741e-01 8.153416999999999470e-01
3.663801999999999892e-01 8.214510000000000423e-01
3.662850999999999746e-01 8.232971000000000039e-01
3.651325999999999738e-01 8.211330000000000018e-01
3.713165999999999967e-01 8.202395999999999576e-01
3.693960000000000021e-01 8.188566000000000455e-01
3.623481000000000063e-01 8.176565000000000083e-01
3.641850999999999838e-01 8.151561000000000501e-01
3.643038000000000110e-01 8.261796000000000140e-01
3.684799000000000269e-01 8.252142999999999562e-01
3.669719000000000175e-01 8.248197999999999919e-01
3.675475000000000270e-01 8.258501999999999788e-01
3.672851999999999784e-01 8.262616999999999878e-01
3.670412000000000119e-01 8.225400999999999962e-01
3.613720999999999739e-01 8.188440999999999637e-01
3.672077000000000258e-01 8.113133999999999624e-01
3.747312999999999894e-01 8.172068000000000110e-01
3.721562999999999954e-01 8.197917000000000121e-01
3.751102000000000047e-01 8.200982999999999468e-01
3.706823000000000201e-01 8.129885999999999502e-01
3.665771999999999919e-01 8.121576999999999824e-01
3.671293999999999946e-01 8.028140999999999750e-01
3.672250000000000236e-01 8.027712000000000181e-01
3.643692000000000042e-01 8.023150999999999478e-01
3.653879999999999906e-01 8.046877000000000058e-01
3.695399999999999796e-01 8.090665000000000218e-01
3.695399999999999796e-01 8.090665000000000218e-01
3.753464000000000245e-01 8.074966000000000088e-01
3.647020000000000262e-01 8.013084999999999791e-01
3.685255000000000059e-01 8.020787000000000333e-01
3.709342999999999946e-01 7.980435999999999641e-01
3.729742999999999808e-01 8.009399999999999853e-01
3.679011999999999838e-01 8.016642000000000490e-01
3.632222999999999979e-01 8.056084999999999496e-01
3.636949999999999905e-01 8.018020000000000147e-01
3.669913000000000203e-01 7.986575000000000202e-01
3.630610000000000226e-01 8.032981000000000149e-01
3.651984999999999815e-01 8.040614000000000372e-01
3.649528000000000216e-01 8.042964999999999698e-01
3.662865000000000149e-01 7.990563000000000526e-01
3.656602999999999937e-01 7.955801000000000123e-01
3.662987999999999800e-01 7.938123000000000262e-01
3.709881999999999902e-01 7.912411999999999779e-01
3.660600999999999994e-01 7.968996000000000413e-01
3.699736000000000136e-01 7.900243000000000126e-01
3.724600000000000133e-01 7.896971000000000407e-01
3.757031000000000120e-01 7.863664999999999683e-01
3.702599999999999780e-01 7.850732000000000266e-01
3.707452999999999999e-01 7.829426999999999914e-01
3.661505999999999927e-01 7.868420999999999887e-01
3.670688999999999758e-01 7.895853000000000455e-01
3.641275999999999957e-01 7.893816999999999640e-01
3.641666000000000070e-01 7.889863999999999766e-01
3.617409999999999792e-01 7.888334999999999653e-01
3.632203999999999988e-01 7.888355000000000228e-01
3.652468999999999855e-01 7.913664000000000254e-01
3.657099999999999795e-01 7.906805999999999557e-01
3.669124000000000274e-01 7.907480999999999538e-01
3.657166000000000028e-01 7.911745000000000028e-01
3.625892000000000004e-01 7.844092000000000287e-01
3.625804999999999723e-01 7.844143000000000088e-01
3.675845999999999836e-01 7.826629000000000502e-01
3.660329999999999973e-01 7.796302999999999983e-01
3.735029999999999739e-01 7.780553999999999526e-01
3.727112000000000203e-01 7.791987000000000219e-01
3.736671999999999771e-01 7.802289000000000030e-01
3.768437000000000037e-01 7.787648999999999821e-01
3.772986999999999869e-01 7.802133999999999459e-01
3.806616999999999917e-01 7.804438999999999682e-01
3.757035000000000236e-01 7.849553999999999698e-01
3.785054999999999947e-01 7.889823000000000253e-01
3.868468999999999935e-01 7.835391999999999912e-01
3.869898999999999978e-01 7.833849999999999980e-01
3.874234999999999762e-01 7.868511000000000255e-01
3.873838000000000004e-01 7.872131999999999463e-01
3.787337000000000065e-01 7.936507000000000422e-01
3.799036000000000080e-01 7.947931999999999775e-01
3.798819999999999975e-01 7.953092000000000494e-01
3.800730999999999971e-01 7.935204000000000146e-01
3.803064999999999918e-01 7.948950000000000182e-01
3.757756999999999903e-01 7.904567999999999595e-01
3.775087999999999777e-01 7.961074999999999680e-01
3.784406000000000159e-01 8.014204000000000327e-01
3.811090999999999784e-01 8.029798000000000213e-01
3.807676999999999867e-01 8.028159999999999741e-01
3.807676999999999867e-01 8.028159999999999741e-01
3.779310000000000169e-01 8.003713000000000077e-01
3.775726999999999833e-01 8.027836999999999890e-01
3.785683000000000242e-01 8.041684000000000054e-01
3.763063999999999854e-01 8.052607000000000514e-01
3.796963999999999895e-01 8.065582999999999503e-01
3.799002000000000212e-01 8.061064000000000007e-01
3.758665999999999952e-01 8.061924999999999786e-01
3.761856000000000089e-01 8.043736000000000219e-01
3.783255999999999841e-01 8.033689000000000524e-01
3.819837999999999845e-01 8.039036000000000515e-01
3.785881999999999858e-01 8.058655000000000124e-01
3.740608000000000266e-01 8.021679999999999922e-01
3.743259999999999921e-01 8.022230999999999668e-01
3.725950000000000095e-01 7.999705999999999761e-01
3.703548999999999869e-01 7.998197000000000223e-01
3.726668000000000203e-01 8.020157999999999454e-01
3.713846000000000092e-01 8.060351999999999517e-01
3.729248000000000007e-01 8.128338000000000507e-01
3.688014000000000014e-01 8.198676999999999770e-01
3.720778000000000141e-01 8.199233000000000215e-01
3.629560000000000008e-01 8.147250000000000325e-01
3.655650999999999762e-01 8.124607999999999830e-01
3.713779999999999859e-01 8.059306999999999999e-01
3.721483999999999903e-01 8.056240000000000068e-01
3.752179999999999960e-01 8.070794999999999497e-01
3.763125999999999971e-01 8.083991999999999845e-01
3.735612999999999850e-01 8.118929000000000284e-01
3.767306000000000266e-01 8.103631999999999502e-01
3.772565999999999975e-01 8.060697000000000001e-01
3.786864999999999815e-01 8.047668000000000044e-01
3.755067999999999739e-01 8.104683000000000304e-01
3.714517999999999986e-01 8.118022999999999767e-01
3.722052000000000138e-01 8.107478000000000184e-01
3.711903999999999759e-01 8.177119999999999944e-01
3.694804999999999895e-01 8.137337000000000042e-01
3.652745000000000020e-01 8.131262000000000212e-01
3.652753999999999723e-01 8.135780999999999707e-01
3.687207000000000123e-01 8.152888000000000357e-01
3.682542999999999789e-01 8.153958999999999513e-01
3.656028000000000056e-01 8.164833999999999703e-01
3.635600999999999972e-01 8.083951999999999805e-01
3.649555999999999911e-01 8.073050999999999977e-01
3.657689000000000079e-01 8.070005999999999569e-01
3.629732999999999987e-01 8.074510999999999772e-01
3.640234999999999999e-01 8.086645999999999557e-01
3.644280999999999771e-01 8.116917999999999633e-01
3.633928000000000158e-01 8.102407000000000359e-01
3.573850000000000082e-01 8.104616999999999516e-01
3.591708000000000123e-01 8.114892999999999690e-01
3.598983000000000043e-01 8.109461000000000030e-01
3.597717999999999750e-01 8.105449999999999600e-01
3.580472000000000099e-01 8.066408000000000467e-01
3.555562999999999918e-01 8.088499000000000105e-01
3.592405000000000181e-01 8.098562999999999734e-01
3.580010000000000137e-01 8.094594000000000511e-01
3.566676999999999764e-01 8.048868000000000134e-01
3.565205000000000179e-01 8.048617999999999606e-01
3.549377000000000226e-01 8.040954999999999631e-01
3.572069999999999967e-01 8.019922999999999913e-01
3.517071999999999976e-01 7.952953999999999857e-01
3.530630000000000157e-01 7.948134999999999506e-01
3.523830000000000018e-01 7.942839999999999900e-01
3.519744000000000206e-01 7.943850000000000078e-01
3.491007999999999889e-01 7.985113999999999823e-01
3.444085000000000063e-01 8.067090999999999568e-01
3.415296999999999916e-01 8.078387999999999680e-01
3.477321999999999913e-01 8.118376999999999954e-01
3.484232999999999913e-01 8.122376000000000040e-01
3.436840999999999924e-01 8.185907000000000044e-01
3.527401000000000009e-01 8.251633999999999913e-01
3.512641000000000235e-01 8.235301999999999900e-01
3.445071000000000105e-01 8.267200999999999578e-01
3.450848000000000249e-01 8.265476999999999963e-01
3.409519999999999773e-01 8.268742000000000036e-01
3.412584000000000173e-01 8.282861000000000251e-01
3.371815000000000229e-01 8.250570000000000404e-01
3.354053000000000173e-01 8.234067999999999943e-01
3.354365999999999737e-01 8.234924999999999606e-01
3.354239999999999999e-01 8.224466999999999750e-01
3.313708000000000209e-01 8.261929000000000078e-01
3.345986000000000238e-01 8.261245000000000394e-01
3.372687999999999797e-01 8.274496000000000073e-01
3.388050000000000228e-01 8.241395999999999722e-01
3.354716999999999838e-01 8.227849999999999886e-01
3.379576000000000247e-01 8.175050999999999846e-01
3.401665999999999856e-01 8.191920999999999786e-01
3.398616999999999888e-01 8.205194000000000099e-01
3.327656999999999976e-01 8.168554000000000093e-01
3.326087999999999822e-01 8.171948999999999463e-01
3.314559000000000255e-01 8.170971999999999680e-01
3.327011000000000274e-01 8.154812999999999645e-01
3.306514999999999871e-01 8.155883000000000438e-01
3.334173999999999749e-01 8.171846999999999861e-01
3.341566999999999732e-01 8.154301999999999939e-01
3.333908999999999900e-01 8.213631999999999600e-01
3.351578000000000057e-01 8.139585000000000292e-01
3.362421999999999911e-01 8.136862999999999735e-01
3.355476000000000014e-01 8.151536000000000337e-01
3.333342999999999723e-01 8.189442000000000110e-01
3.355418000000000012e-01 8.197645999999999544e-01
3.336068999999999840e-01 8.185341000000000422e-01
3.294854999999999867e-01 8.174204000000000470e-01
3.294678999999999802e-01 8.179028000000000409e-01
3.293351999999999946e-01 8.174365000000000103e-01
3.288476000000000177e-01 8.186257000000000117e-01
3.336633999999999989e-01 8.235613999999999990e-01
3.335384000000000126e-01 8.229425999999999686e-01
3.332265999999999839e-01 8.203222000000000014e-01
3.352619000000000016e-01 8.238178000000000445e-01
3.398665000000000158e-01 8.282637000000000471e-01
3.435051000000000077e-01 8.293713999999999809e-01
3.393861000000000239e-01 8.277862000000000275e-01
3.413324999999999831e-01 8.268963999999999759e-01
3.406027999999999833e-01 8.270602999999999705e-01
3.415156999999999776e-01 8.246046999999999683e-01
3.481293999999999778e-01 8.315814000000000261e-01
3.455162999999999984e-01 8.375086999999999948e-01
3.444113999999999787e-01 8.402473000000000303e-01
3.430433999999999983e-01 8.403372999999999537e-01
3.422563000000000133e-01 8.451754000000000211e-01
3.411711000000000049e-01 8.462536999999999976e-01
3.402104000000000239e-01 8.470501999999999754e-01
3.391104999999999814e-01 8.470081000000000415e-01
3.398097999999999952e-01 8.506283999999999512e-01
3.416453999999999880e-01 8.542612000000000538e-01
3.425698999999999828e-01 8.504521999999999915e-01
3.371118000000000170e-01 8.540676000000000379e-01
3.381125999999999854e-01 8.497751000000000055e-01
3.399182000000000037e-01 8.455665999999999460e-01
3.414687000000000139e-01 8.467198000000000224e-01
3.414834999999999954e-01 8.467211000000000043e-01
3.366386000000000100e-01 8.505983000000000294e-01
3.361585000000000267e-01 8.464677999999999924e-01
3.388275000000000037e-01 8.494692000000000354e-01
3.353767999999999749e-01 8.469569000000000125e-01
3.352534999999999821e-01 8.472456999999999905e-01
3.341793000000000124e-01 8.475072999999999634e-01
3.272189999999999821e-01 8.500670999999999644e-01
3.283988999999999936e-01 8.500075000000000269e-01
3.284491999999999967e-01 8.478073000000000414e-01
3.275628999999999902e-01 8.477124999999999799e-01
3.272732999999999892e-01 8.482986999999999611e-01
3.220224999999999893e-01 8.488244000000000344e-01
3.200622000000000189e-01 8.456133999999999595e-01
3.190124999999999766e-01 8.451264000000000554e-01
3.203500000000000236e-01 8.462498999999999993e-01
3.256085000000000229e-01 8.490699000000000440e-01
3.270020000000000149e-01 8.473298999999999692e-01
3.297736000000000001e-01 8.425882999999999567e-01
3.256298000000000248e-01 8.501760999999999902e-01
3.253611000000000142e-01 8.483958000000000332e-01
3.252355000000000107e-01 8.496179999999999843e-01
3.293043999999999971e-01 8.477223999999999871e-01
3.294761999999999968e-01 8.476230000000000153e-01
3.273636999999999797e-01 8.499191000000000384e-01
3.290223999999999926e-01 8.455639999999999823e-01
3.280289000000000121e-01 8.459537000000000306e-01
3.294766000000000084e-01 8.451556999999999542e-01
3.325892999999999766e-01 8.406481999999999566e-01
3.355503000000000235e-01 8.413091999999999793e-01
3.339756999999999865e-01 8.398349000000000508e-01
3.327921999999999825e-01 8.451640000000000263e-01
3.348382999999999776e-01 8.459212000000000398e-01
3.355619000000000240e-01 8.464553999999999689e-01
3.362721000000000182e-01 8.446289999999999631e-01
3.346431999999999740e-01 8.491853000000000318e-01
3.332628000000000257e-01 8.544819000000000164e-01
3.345712000000000130e-01 8.577546999999999811e-01
3.336571999999999871e-01 8.545433999999999530e-01
3.365318999999999949e-01 8.605361000000000260e-01
3.428210999999999897e-01 8.509953999999999574e-01
3.392197000000000129e-01 8.461168000000000022e-01
3.355049999999999977e-01 8.492144000000000359e-01
3.361618000000000106e-01 8.475061000000000400e-01
3.357312000000000074e-01 8.486529999999999907e-01
3.346433999999999798e-01 8.492509999999999781e-01
3.318484999999999907e-01 8.509702000000000099e-01
3.311281999999999837e-01 8.511273000000000311e-01
3.357273000000000063e-01 8.512705999999999884e-01
3.296404000000000001e-01 8.513760000000000217e-01
3.315844000000000014e-01 8.529077000000000464e-01
3.282128000000000267e-01 8.446346999999999605e-01
3.308157999999999932e-01 8.395004000000000355e-01
3.371037000000000061e-01 8.341108999999999885e-01
3.356100000000000194e-01 8.330840999999999941e-01
3.444573000000000218e-01 8.366472000000000353e-01
3.443480999999999903e-01 8.380545000000000355e-01
3.442769999999999997e-01 8.329746999999999568e-01
3.448170999999999875e-01 8.334591999999999556e-01
3.477244999999999919e-01 8.346864999999999979e-01
3.494571000000000205e-01 8.325576000000000088e-01
3.428991000000000122e-01 8.290068999999999910e-01
3.454799000000000064e-01 8.274318000000000506e-01
3.445590000000000042e-01 8.324785000000000101e-01
3.461771000000000154e-01 8.338124999999999565e-01
3.461797999999999820e-01 8.341541999999999568e-01
3.427369000000000110e-01 8.347858999999999696e-01
3.453084000000000153e-01 8.363536999999999777e-01
3.484540999999999888e-01 8.354770000000000252e-01
3.454577999999999816e-01 8.294620999999999800e-01
3.483644000000000185e-01 8.268326000000000287e-01
3.556156999999999790e-01 8.249054999999999582e-01
3.550943999999999767e-01 8.271606999999999710e-01
3.548148999999999886e-01 8.281897000000000286e-01
3.523394000000000248e-01 8.228674000000000266e-01
3.568573999999999913e-01 8.250520999999999550e-01
3.698235999999999746e-01 8.243281999999999554e-01
3.766715999999999953e-01 8.198005000000000431e-01
3.750646999999999731e-01 8.174727999999999994e-01
3.735177000000000080e-01 8.179227000000000025e-01
3.726488000000000023e-01 8.214797999999999822e-01
3.727900000000000102e-01 8.223618999999999790e-01
3.691689000000000220e-01 8.219629000000000518e-01
3.681986999999999899e-01 8.210279999999999800e-01
3.672172000000000214e-01 8.196643999999999597e-01
3.657703999999999955e-01 8.186134999999999939e-01
3.658286000000000038e-01 8.179159999999999764e-01
3.663793000000000188e-01 8.179334999999999800e-01
3.655530000000000168e-01 8.139264999999999972e-01
3.611732000000000276e-01 8.144483999999999613e-01
3.609534999999999827e-01 8.146560000000000468e-01
3.622801999999999967e-01 8.142753999999999825e-01
3.661240000000000050e-01 8.131703000000000126e-01
3.607719999999999816e-01 8.173257999999999912e-01
3.628907000000000105e-01 8.142620000000000413e-01
3.596019999999999772e-01 8.129235999999999684e-01
3.584799000000000180e-01 8.158138999999999807e-01
3.536933999999999911e-01 8.175369999999999582e-01
3.540470000000000006e-01 8.223194999999999810e-01
3.489618999999999915e-01 8.207090999999999692e-01
3.510767000000000193e-01 8.160720999999999670e-01
3.533840999999999788e-01 8.145160999999999651e-01
3.532054000000000027e-01 8.141899000000000219e-01
3.531747000000000081e-01 8.141684999999999617e-01
3.528825999999999907e-01 8.139899000000000440e-01
3.539070000000000271e-01 8.167450000000000543e-01
3.549287999999999887e-01 8.221941000000000388e-01
3.543528000000000233e-01 8.244458000000000064e-01
3.497629999999999906e-01 8.223964000000000274e-01
3.459177999999999975e-01 8.202182000000000084e-01
3.414983999999999797e-01 8.187235000000000484e-01
3.438298000000000187e-01 8.166948000000000540e-01
3.438776000000000055e-01 8.168819000000000496e-01
3.456447000000000269e-01 8.149178000000000255e-01
3.457590999999999859e-01 8.132629999999999582e-01
3.451726999999999990e-01 8.144438999999999984e-01
3.450660999999999867e-01 8.118087999999999971e-01
3.482954999999999801e-01 8.094833000000000167e-01
3.551035000000000164e-01 8.030488000000000071e-01
3.557533999999999974e-01 8.015788999999999831e-01
3.557527999999999802e-01 8.027552999999999495e-01
3.554094999999999893e-01 8.039528000000000230e-01
3.545853999999999950e-01 8.061937000000000131e-01
3.637130000000000085e-01 8.062179000000000428e-01
3.581002999999999825e-01 8.086797000000000013e-01
3.601415000000000033e-01 8.074694000000000038e-01
3.559779000000000138e-01 8.074989000000000194e-01
3.515055999999999736e-01 8.048678999999999695e-01
3.559102000000000099e-01 8.124738000000000238e-01
3.555859000000000103e-01 8.129172999999999538e-01
3.561577000000000215e-01 8.099823000000000439e-01
3.555834999999999968e-01 8.106527999999999512e-01
3.540932999999999997e-01 8.114149000000000500e-01
3.543997999999999871e-01 8.150914000000000215e-01
3.475734999999999797e-01 8.159454000000000429e-01
3.401685999999999876e-01 8.209663000000000377e-01
3.407576999999999967e-01 8.242511999999999617e-01
3.501696999999999727e-01 8.230678999999999634e-01
3.499062000000000006e-01 8.230956999999999857e-01
3.514272999999999980e-01 8.237870999999999944e-01
3.555961999999999734e-01 8.230418999999999929e-01
3.557092000000000032e-01 8.230716999999999617e-01
3.584112999999999882e-01 8.278181000000000012e-01
3.577910000000000257e-01 8.279313999999999840e-01
3.581796999999999898e-01 8.282528999999999586e-01
3.589570999999999734e-01 8.264435999999999449e-01
3.617542000000000257e-01 8.257506999999999486e-01
3.645337000000000161e-01 8.289560000000000262e-01
3.658427000000000207e-01 8.358183000000000140e-01
3.630758000000000041e-01 8.375500000000000167e-01
3.637834999999999819e-01 8.384228000000000236e-01
3.637615000000000154e-01 8.348077999999999887e-01
3.658195000000000197e-01 8.361425999999999581e-01
3.629089999999999816e-01 8.378003000000000533e-01
3.616597999999999757e-01 8.388212999999999919e-01
3.621911999999999909e-01 8.383047999999999611e-01
3.623508999999999758e-01 8.382197000000000120e-01
3.635920000000000263e-01 8.386417000000000455e-01
3.624184999999999768e-01 8.375373999999999874e-01
3.613213000000000119e-01 8.332340000000000302e-01
3.614433000000000229e-01 8.317153000000000462e-01
3.595541999999999905e-01 8.308016999999999763e-01
3.549299000000000204e-01 8.300233999999999668e-01
3.543676000000000048e-01 8.297360000000000291e-01
3.499541999999999931e-01 8.232737999999999445e-01
3.463338000000000250e-01 8.219404000000000154e-01
3.463275000000000103e-01 8.219950000000000312e-01
3.474237000000000020e-01 8.235981999999999470e-01
3.573428000000000160e-01 8.209001000000000214e-01
3.569691999999999865e-01 8.216040000000000010e-01
3.599937999999999749e-01 8.186535999999999813e-01
3.560201000000000060e-01 8.281015000000000459e-01
3.581880000000000064e-01 8.292291000000000523e-01
3.568192000000000030e-01 8.315190999999999555e-01
3.562706999999999957e-01 8.228794000000000386e-01
3.563570999999999822e-01 8.266599000000000030e-01
3.563156000000000101e-01 8.265964999999999563e-01
3.590687000000000184e-01 8.232426000000000466e-01
3.667861000000000038e-01 8.256447999999999565e-01
3.620164000000000160e-01 8.255384000000000055e-01
3.667959000000000080e-01 8.284985999999999740e-01
3.671077999999999841e-01 8.285211999999999577e-01
3.691823000000000188e-01 8.295858000000000398e-01
3.721540999999999877e-01 8.276556999999999942e-01
3.722075000000000244e-01 8.220226999999999951e-01
3.660698000000000008e-01 8.276291000000000064e-01
3.646363000000000243e-01 8.307632000000000350e-01
3.608161999999999758e-01 8.297381000000000340e-01
3.602653000000000105e-01 8.295704000000000411e-01
3.589402999999999899e-01 8.334046000000000509e-01
3.633976999999999902e-01 8.248434999999999517e-01
3.674829000000000012e-01 8.214150000000000063e-01
3.670304999999999818e-01 8.239379999999999482e-01
3.715051999999999799e-01 8.208233000000000334e-01
3.794171000000000071e-01 8.284580000000000277e-01
3.754191000000000056e-01 8.308554999999999691e-01
3.692278999999999978e-01 8.352842000000000322e-01
3.650437999999999739e-01 8.349242999999999526e-01
3.592792000000000208e-01 8.321171000000000539e-01
3.645416000000000212e-01 8.295592000000000521e-01
3.688602999999999743e-01 8.335690999999999518e-01
3.730957999999999775e-01 8.379008000000000012e-01
3.737840000000000051e-01 8.381359999999999921e-01
3.702510999999999997e-01 8.478539999999999965e-01
3.642961000000000116e-01 8.445989000000000413e-01
3.557943000000000078e-01 8.463192999999999966e-01
3.563609999999999833e-01 8.463882999999999823e-01
3.570162000000000058e-01 8.549978999999999774e-01
3.524210999999999872e-01 8.601128999999999580e-01
3.542880999999999947e-01 8.611708999999999614e-01
3.566560999999999759e-01 8.592163000000000439e-01
3.541453999999999991e-01 8.566437999999999553e-01
3.568536999999999959e-01 8.561366999999999727e-01
3.565385999999999833e-01 8.441201000000000398e-01
3.540192999999999812e-01 8.436470999999999831e-01
3.478822999999999777e-01 8.453671999999999853e-01
3.504531000000000174e-01 8.403087999999999669e-01
3.515637999999999819e-01 8.372393999999999670e-01
3.516447999999999796e-01 8.371596999999999511e-01
3.515742000000000034e-01 8.377073999999999909e-01
3.512348000000000137e-01 8.363956999999999642e-01
3.503687999999999803e-01 8.355458000000000052e-01
3.487159000000000231e-01 8.418601999999999475e-01
3.429254999999999942e-01 8.529428000000000010e-01
3.429931999999999981e-01 8.604384999999999950e-01
3.469437000000000215e-01 8.614047999999999705e-01
3.475297999999999998e-01 8.639594999999999914e-01
3.473366999999999982e-01 8.641921999999999660e-01
3.485968999999999873e-01 8.610959999999999726e-01
3.492619000000000140e-01 8.588898999999999839e-01
3.511428999999999800e-01 8.530204000000000120e-01
3.524414000000000158e-01 8.548480999999999996e-01
3.474491000000000107e-01 8.549558999999999909e-01
3.468565000000000120e-01 8.577639999999999709e-01
3.476171000000000122e-01 8.567150000000000043e-01
3.482088999999999879e-01 8.490560000000000329e-01
3.483706999999999776e-01 8.485878999999999506e-01
3.495866999999999725e-01 8.487166000000000432e-01
3.485488999999999948e-01 8.500771999999999773e-01
3.483241999999999727e-01 8.499157999999999991e-01
3.486130000000000062e-01 8.497322000000000486e-01
3.506526999999999838e-01 8.512889000000000150e-01
3.462119000000000169e-01 8.443652000000000379e-01
3.530159999999999965e-01 8.440976000000000035e-01
3.540706000000000131e-01 8.419546999999999448e-01
3.573896999999999768e-01 8.447750000000000536e-01
3.556305000000000160e-01 8.372722999999999693e-01
3.587234999999999729e-01 8.423599999999999977e-01
3.587279999999999913e-01 8.435506000000000393e-01
3.566334999999999922e-01 8.457470000000000265e-01
3.544670999999999794e-01 8.400634000000000157e-01
3.492340999999999918e-01 8.427004999999999635e-01
3.482400999999999969e-01 8.392049000000000314e-01
3.429291999999999896e-01 8.425146000000000024e-01
3.407914000000000221e-01 8.450058999999999765e-01
3.391289000000000109e-01 8.399845000000000228e-01
3.400932999999999873e-01 8.419039000000000383e-01
3.429180000000000006e-01 8.393211999999999895e-01
3.443247999999999864e-01 8.420944999999999681e-01
3.384152000000000271e-01 8.451165999999999956e-01
3.404446999999999890e-01 8.441889999999999672e-01
3.283923999999999732e-01 8.362062000000000106e-01
3.273194999999999855e-01 8.412454000000000320e-01
3.314134000000000246e-01 8.404755000000000420e-01
3.335787000000000058e-01 8.362161999999999651e-01
3.324603999999999893e-01 8.352532000000000290e-01
3.328086000000000100e-01 8.352494999999999781e-01
3.350910000000000277e-01 8.313230999999999815e-01
3.352950000000000097e-01 8.354447000000000401e-01
3.330723999999999907e-01 8.357685999999999726e-01
3.350051000000000001e-01 8.345801000000000469e-01
3.400732000000000199e-01 8.328122999999999498e-01
3.380875999999999881e-01 8.285074999999999523e-01
3.446165999999999952e-01 8.278488000000000513e-01
3.406192000000000109e-01 8.277379999999999738e-01
3.416088999999999931e-01 8.278855999999999993e-01
3.449772999999999867e-01 8.298122999999999472e-01
3.380353999999999859e-01 8.247029000000000165e-01
3.401589999999999892e-01 8.254164999999999974e-01
3.379722000000000004e-01 8.263534999999999631e-01
3.306668999999999858e-01 8.130205999999999822e-01
3.279356999999999966e-01 8.110095000000000498e-01
3.253826000000000218e-01 8.109832000000000152e-01
3.251012999999999820e-01 8.119887999999999550e-01
3.232858000000000120e-01 8.097588000000000008e-01
3.224968999999999753e-01 8.074061999999999628e-01
3.233616999999999742e-01 8.086003999999999969e-01
3.245649999999999924e-01 7.964723999999999693e-01
3.212596999999999814e-01 7.906560999999999728e-01
3.220774000000000137e-01 7.922141999999999795e-01
3.240909000000000151e-01 7.911145000000000538e-01
3.295775000000000232e-01 7.891939999999999511e-01
3.336352000000000206e-01 7.931968000000000352e-01
3.330682999999999838e-01 7.930114999999999803e-01
3.351238999999999746e-01 7.930500000000000327e-01
3.357101000000000113e-01 7.949751999999999930e-01
3.385566999999999882e-01 7.944229999999999903e-01
3.379329999999999834e-01 7.958903999999999979e-01
3.377788999999999930e-01 7.966974000000000000e-01
3.378130999999999773e-01 7.955790000000000362e-01
3.393740000000000090e-01 7.968266000000000515e-01
3.400800999999999963e-01 7.975354000000000054e-01
3.358628000000000169e-01 7.948444000000000065e-01
3.387287999999999966e-01 7.959994000000000236e-01
3.408950000000000036e-01 7.980095000000000383e-01
3.431435999999999931e-01 7.971291000000000349e-01
3.324469999999999925e-01 7.902824000000000515e-01
3.323166000000000175e-01 7.890778000000000514e-01
3.371662999999999744e-01 7.811491999999999880e-01
3.351525000000000198e-01 7.778433999999999626e-01
3.338175999999999921e-01 7.771061999999999692e-01
3.337036999999999920e-01 7.774362000000000217e-01
3.250802999999999887e-01 7.727138999999999536e-01
3.161892000000000036e-01 7.766007000000000327e-01
3.132826000000000222e-01 7.760198999999999847e-01
3.120286999999999922e-01 7.691411000000000220e-01
3.057467999999999853e-01 7.735627000000000475e-01
3.018931000000000253e-01 7.787039000000000044e-01
2.937746999999999997e-01 7.825820999999999472e-01
2.941940000000000111e-01 7.823423000000000460e-01
2.934123000000000148e-01 7.775912000000000379e-01
3.000692999999999833e-01 7.757500999999999980e-01
2.915906999999999805e-01 7.818254999999999511e-01
2.885064999999999991e-01 7.842691000000000523e-01
2.908174000000000037e-01 7.861742000000000452e-01
2.924586000000000130e-01 7.874833999999999445e-01
2.891697999999999769e-01 7.891021999999999759e-01
2.915872999999999937e-01 7.870276000000000494e-01
2.898589999999999778e-01 7.838072999999999846e-01
2.867851000000000150e-01 7.796901999999999999e-01
2.874238000000000071e-01 7.813898000000000232e-01
2.861055000000000126e-01 7.813712000000000435e-01
2.815602999999999856e-01 7.833866999999999914e-01
2.806440000000000046e-01 7.836724000000000467e-01
2.822872000000000159e-01 7.867203000000000390e-01
2.813829999999999942e-01 7.910622999999999960e-01
2.770939000000000041e-01 7.976204999999999545e-01
2.701717000000000146e-01 8.024088000000000331e-01
2.696041000000000132e-01 8.029490000000000238e-01
2.743650999999999729e-01 8.004194999999999505e-01
2.746094000000000035e-01 7.987364999999999604e-01
2.744530000000000025e-01 7.999522000000000022e-01
2.739840000000000053e-01 7.987731999999999610e-01
2.747261999999999760e-01 7.958532000000000384e-01
2.726149999999999962e-01 7.970945999999999865e-01
2.728341000000000238e-01 7.981373999999999969e-01
2.742925999999999975e-01 7.967689000000000021e-01
2.742918999999999774e-01 7.967583000000000304e-01
2.695021000000000222e-01 8.060960999999999821e-01
2.668460000000000276e-01 8.083076000000000150e-01
2.633459000000000216e-01 8.121137999999999968e-01
2.596795000000000075e-01 8.162509999999999488e-01
2.576417999999999764e-01 8.208516000000000146e-01
2.562324999999999742e-01 8.231576000000000448e-01
2.484011000000000136e-01 8.124147999999999925e-01
2.478626999999999914e-01 8.132160000000000499e-01
2.482322999999999891e-01 8.123521000000000214e-01
2.460861000000000021e-01 8.129844999999999988e-01
2.488767000000000063e-01 8.120819000000000232e-01
2.509064999999999768e-01 8.084078999999999571e-01
2.506909999999999972e-01 8.072563000000000377e-01
2.455370000000000053e-01 8.015065999999999580e-01
2.437710999999999906e-01 8.007296000000000413e-01
2.437848999999999988e-01 8.006974000000000036e-01
2.437848999999999988e-01 8.006974000000000036e-01
2.373481000000000063e-01 7.996381000000000183e-01
2.395149000000000028e-01 8.015377999999999670e-01
2.395149000000000028e-01 8.015377999999999670e-01
2.371525999999999912e-01 7.986301999999999568e-01
2.453607999999999900e-01 7.991601000000000399e-01
2.454404000000000030e-01 8.031125999999999543e-01
2.464602999999999933e-01 8.027623000000000397e-01
2.472573999999999883e-01 8.026381000000000210e-01
2.510922999999999905e-01 8.067792000000000296e-01
2.511446999999999985e-01 8.057189000000000156e-01
2.496696999999999944e-01 8.087750999999999690e-01
2.493016000000000121e-01 8.104677000000000131e-01
2.438046000000000102e-01 8.140100999999999587e-01
2.438172000000000117e-01 8.140127999999999808e-01
2.399880000000000069e-01 8.177518000000000287e-01
2.401202000000000059e-01 8.198682000000000469e-01
2.401202000000000059e-01 8.198682000000000469e-01
2.412658000000000025e-01 8.196402000000000410e-01
2.379537999999999931e-01 8.157216999999999940e-01
2.377460000000000129e-01 8.158330000000000304e-01
2.384853999999999863e-01 8.175367000000000051e-01
2.491162000000000099e-01 8.094421000000000532e-01
2.491162000000000099e-01 8.094421000000000532e-01
2.618828999999999740e-01 8.008596000000000048e-01
2.587150999999999756e-01 8.011842999999999604e-01
2.562897000000000092e-01 7.973033999999999955e-01
2.533784000000000036e-01 7.927452999999999861e-01
2.500917999999999752e-01 7.917718999999999729e-01
2.567447999999999952e-01 7.944054999999999866e-01
2.563909999999999800e-01 7.940802000000000138e-01
2.550333000000000183e-01 7.889251000000000458e-01
2.520799000000000234e-01 7.900572999999999624e-01
2.547697999999999907e-01 7.909732999999999903e-01
2.540261999999999798e-01 7.895307000000000297e-01
2.535607999999999751e-01 7.901171000000000166e-01
2.509563000000000210e-01 7.894662999999999542e-01
2.580413999999999763e-01 7.889093999999999829e-01
2.591128999999999794e-01 7.867832999999999632e-01
2.587979000000000251e-01 7.920641999999999960e-01
2.628719999999999946e-01 7.955016000000000309e-01
2.602597999999999856e-01 7.945157000000000469e-01
2.577460999999999780e-01 7.885765000000000136e-01
2.578343000000000163e-01 7.891962000000000144e-01
2.620444000000000107e-01 7.901447999999999805e-01
2.562812999999999897e-01 7.996147999999999589e-01
2.606357000000000257e-01 7.957893999999999801e-01
2.599233000000000238e-01 7.945307000000000341e-01
2.570878999999999803e-01 7.899971000000000076e-01
2.563533000000000062e-01 7.894685000000000175e-01
2.573213999999999779e-01 7.903721000000000219e-01
2.562407999999999908e-01 7.915006999999999460e-01
2.542467999999999950e-01 7.913704000000000294e-01
2.619837999999999889e-01 7.868507000000000140e-01
2.617858000000000129e-01 7.863575000000000426e-01
2.658730999999999733e-01 7.827201000000000297e-01
2.683526999999999996e-01 7.869669000000000247e-01
2.693298000000000081e-01 7.818623999999999574e-01
2.689224000000000059e-01 7.809399999999999675e-01
2.604993999999999921e-01 7.743482000000000420e-01
2.669445999999999763e-01 7.775568000000000479e-01
2.705509999999999859e-01 7.743552999999999686e-01
2.701352000000000197e-01 7.756009999999999849e-01
2.731871000000000160e-01 7.807893000000000194e-01
2.730374999999999885e-01 7.814012999999999654e-01
2.716133000000000020e-01 7.804881999999999653e-01
2.739073000000000202e-01 7.763919999999999710e-01
2.747113999999999945e-01 7.785598999999999714e-01
2.740042999999999784e-01 7.812236000000000180e-01
2.753362999999999783e-01 7.799101000000000505e-01
2.763436000000000226e-01 7.739532999999999552e-01
2.754560999999999815e-01 7.715085000000000415e-01
2.755850000000000244e-01 7.707893999999999579e-01
2.771692000000000045e-01 7.781301000000000467e-01
2.769846000000000252e-01 7.841673999999999589e-01
2.768232999999999944e-01 7.843394999999999673e-01
2.729121999999999937e-01 7.806880999999999959e-01
2.763977000000000239e-01 7.794299999999999562e-01
2.799996000000000151e-01 7.803634999999999877e-01
2.782912000000000163e-01 7.835037000000000251e-01
2.800209000000000170e-01 7.728382999999999781e-01
2.886881000000000030e-01 7.738336999999999577e-01
2.875725000000000087e-01 7.720660000000000300e-01
2.876000000000000223e-01 7.703198999999999463e-01
2.951535000000000131e-01 7.709266999999999648e-01
2.869742000000000126e-01 7.705070000000000530e-01
2.873589999999999756e-01 7.704292999999999836e-01
2.813112999999999864e-01 7.701170000000000515e-01
2.848726999999999787e-01 7.725895999999999875e-01
2.869940000000000269e-01 7.705330000000000235e-01
2.845779999999999976e-01 7.687950999999999535e-01
2.844847999999999821e-01 7.693012999999999657e-01
2.867829000000000073e-01 7.655214000000000185e-01
2.901374999999999926e-01 7.701550999999999814e-01
2.901299999999999990e-01 7.675178999999999752e-01
2.906056000000000195e-01 7.686596999999999458e-01
2.914057999999999926e-01 7.686566000000000232e-01
2.909733999999999932e-01 7.677041999999999478e-01
2.925133999999999790e-01 7.658287999999999762e-01
2.921189000000000147e-01 7.658890999999999893e-01
2.841314999999999813e-01 7.703288999999999831e-01
2.840944000000000247e-01 7.704436999999999536e-01
2.838497999999999855e-01 7.714336000000000526e-01
2.871118999999999755e-01 7.723493000000000164e-01
2.872781999999999836e-01 7.744539999999999758e-01
2.859206000000000247e-01 7.723803000000000196e-01
2.873342999999999869e-01 7.676944999999999464e-01
2.879107000000000194e-01 7.682542999999999456e-01
2.880418000000000145e-01 7.681953000000000253e-01
2.946896999999999989e-01 7.721774000000000138e-01
2.934005000000000085e-01 7.738359000000000210e-01
2.921529999999999960e-01 7.671367999999999521e-01
2.940460999999999769e-01 7.724577999999999722e-01
2.937100000000000266e-01 7.706237999999999699e-01
2.918035999999999963e-01 7.689371999999999874e-01
2.938200999999999730e-01 7.685155000000000181e-01
2.937116000000000171e-01 7.692033000000000342e-01
2.983237000000000250e-01 7.699696000000000318e-01
2.979685999999999724e-01 7.704904000000000197e-01
2.990484999999999949e-01 7.672923000000000382e-01
2.964474999999999749e-01 7.635199999999999765e-01
2.966328999999999771e-01 7.633522000000000363e-01
2.951299000000000006e-01 7.575849999999999529e-01
2.951136999999999788e-01 7.558913000000000437e-01
2.950319000000000136e-01 7.545064999999999689e-01
2.904305999999999832e-01 7.553216999999999848e-01
2.975243000000000193e-01 7.575119000000000158e-01
2.983499000000000012e-01 7.537662000000000528e-01
3.042835999999999874e-01 7.575771999999999506e-01
3.025298000000000154e-01 7.620297999999999794e-01
2.991042999999999896e-01 7.591850999999999461e-01
2.958234000000000141e-01 7.622438999999999742e-01
2.970671999999999757e-01 7.639224000000000014e-01
2.972099999999999742e-01 7.636979000000000406e-01
3.003134000000000081e-01 7.648897000000000057e-01
2.967774000000000245e-01 7.664012999999999520e-01
2.892330000000000179e-01 7.612486000000000530e-01
2.971245000000000136e-01 7.663067000000000073e-01
2.976466999999999863e-01 7.755984000000000211e-01
2.965515000000000234e-01 7.704299000000000008e-01
2.948212000000000055e-01 7.674037000000000219e-01
2.927945000000000131e-01 7.749515000000000153e-01
2.948998999999999926e-01 7.753841999999999679e-01
2.945058999999999871e-01 7.813647999999999705e-01
3.010213999999999945e-01 7.845969999999999889e-01
3.005476000000000258e-01 7.846853999999999774e-01
3.037525999999999837e-01 7.858011999999999775e-01
3.037653000000000159e-01 7.857819999999999805e-01
3.048336999999999852e-01 7.861361999999999517e-01
3.011499999999999733e-01 7.873830000000000551e-01
3.081999999999999740e-01 7.905955000000000066e-01
3.086571000000000176e-01 7.838511999999999702e-01
3.074585000000000234e-01 7.831936000000000453e-01
3.085506000000000082e-01 7.813246000000000357e-01
3.057882000000000100e-01 7.835216000000000403e-01
3.005164000000000168e-01 7.754818999999999463e-01
3.005648000000000208e-01 7.786625999999999825e-01
3.057663999999999938e-01 7.754033000000000175e-01
3.036409999999999942e-01 7.750437999999999494e-01
2.999615999999999949e-01 7.703634999999999788e-01
3.032408999999999799e-01 7.717429000000000094e-01
3.029551999999999801e-01 7.688190000000000301e-01
2.959495999999999793e-01 7.747676000000000007e-01
2.944943999999999895e-01 7.743797999999999515e-01
2.894309999999999938e-01 7.720818999999999876e-01
2.895261000000000084e-01 7.713392000000000026e-01
2.896579000000000237e-01 7.713001000000000440e-01
2.953192000000000039e-01 7.713586999999999527e-01
2.959632999999999847e-01 7.694459999999999633e-01
2.976088000000000067e-01 7.703659000000000479e-01
2.920331999999999928e-01 7.662662000000000084e-01
2.951706000000000052e-01 7.674376000000000531e-01
2.954239000000000170e-01 7.669243000000000032e-01
2.938374000000000263e-01 7.660635999999999557e-01
2.911182999999999965e-01 7.683425000000000393e-01
2.961618999999999780e-01 7.716342000000000478e-01
2.926603999999999872e-01 7.742413000000000212e-01
2.937919999999999976e-01 7.721324000000000520e-01
2.925155999999999867e-01 7.752655999999999992e-01
2.909838000000000147e-01 7.717912000000000106e-01
2.853305999999999898e-01 7.667154000000000469e-01
2.876326000000000160e-01 7.673402000000000278e-01
2.908266999999999936e-01 7.663687999999999612e-01
2.868089999999999806e-01 7.680901999999999452e-01
2.870972999999999997e-01 7.680445999999999662e-01
2.856248000000000120e-01 7.573161999999999949e-01
2.908227999999999924e-01 7.500432999999999684e-01
2.908631999999999884e-01 7.518890000000000295e-01
2.916920000000000068e-01 7.516068999999999667e-01
2.939524000000000026e-01 7.536112000000000366e-01
2.905620999999999898e-01 7.512237000000000497e-01
2.902183999999999875e-01 7.515328000000000008e-01
2.893514999999999837e-01 7.593221999999999472e-01
2.912086999999999870e-01 7.616093000000000446e-01
2.872349000000000152e-01 7.621506999999999588e-01
2.863236000000000114e-01 7.642628000000000199e-01
2.867681000000000258e-01 7.648861999999999606e-01
2.862175000000000136e-01 7.648289000000000337e-01
2.857851000000000141e-01 7.648028999999999522e-01
2.858373000000000164e-01 7.647194000000000491e-01
2.890718999999999927e-01 7.676066999999999751e-01
2.893260000000000276e-01 7.676435999999999815e-01
2.910360000000000169e-01 7.687587000000000170e-01
2.903866999999999976e-01 7.723130000000000273e-01
2.866743999999999959e-01 7.735921999999999521e-01
2.864226999999999745e-01 7.715870000000000228e-01
2.922551999999999928e-01 7.663383000000000278e-01
2.917080000000000228e-01 7.688302999999999665e-01
2.874613999999999780e-01 7.689652999999999627e-01
2.870470999999999995e-01 7.697768999999999862e-01
2.939573999999999798e-01 7.569924999999999571e-01
3.018514999999999948e-01 7.668715999999999866e-01
3.069259999999999766e-01 7.697481999999999935e-01
3.060049000000000241e-01 7.727541999999999467e-01
3.056459999999999733e-01 7.721803999999999890e-01
3.071127000000000162e-01 7.726697999999999622e-01
3.146333000000000046e-01 7.679599999999999760e-01
3.179968000000000239e-01 7.722451000000000176e-01
3.209348000000000201e-01 7.694364000000000203e-01
3.227816000000000018e-01 7.769243999999999595e-01
3.231651999999999858e-01 7.747429999999999595e-01
3.223121999999999931e-01 7.735303000000000040e-01
3.251453000000000260e-01 7.770051000000000041e-01
3.240186999999999928e-01 7.780941000000000107e-01
3.234097000000000222e-01 7.841983999999999622e-01
3.222562999999999955e-01 7.829555999999999738e-01
3.218210000000000237e-01 7.844775000000000498e-01
3.219824000000000019e-01 7.857195000000000151e-01
3.237531000000000159e-01 7.883799999999999697e-01
3.253956000000000071e-01 7.860063999999999940e-01
3.248856999999999995e-01 7.860856000000000510e-01
3.244128000000000012e-01 7.870681000000000482e-01
3.236863999999999852e-01 7.832145999999999830e-01
3.229886000000000146e-01 7.810726000000000058e-01
3.123968999999999774e-01 7.830612999999999602e-01
3.086704000000000114e-01 7.831242999999999954e-01
3.073070999999999997e-01 7.832078999999999569e-01
3.095089999999999786e-01 7.827743000000000340e-01
3.215143999999999780e-01 7.846575000000000077e-01
3.225740000000000274e-01 7.820443999999999729e-01
3.225288000000000044e-01 7.819055000000000311e-01
3.214844000000000035e-01 7.801538000000000084e-01
3.207979000000000247e-01 7.741820999999999842e-01
3.226447000000000065e-01 7.744585000000000496e-01
3.201403999999999916e-01 7.743172000000000388e-01
3.190840999999999816e-01 7.735277999999999876e-01
3.230710999999999999e-01 7.716941999999999968e-01
3.253708000000000156e-01 7.769314999999999971e-01
3.253042999999999907e-01 7.769530999999999521e-01
3.328881000000000201e-01 7.881555000000000089e-01
3.350548999999999888e-01 7.898954999999999727e-01
3.345239999999999880e-01 7.900939999999999630e-01
3.363897000000000137e-01 7.880144000000000037e-01
3.333913000000000015e-01 7.895535000000000192e-01
3.309442000000000217e-01 7.895014999999999672e-01
3.285944000000000087e-01 7.918686000000000336e-01
3.271369000000000082e-01 7.814881000000000189e-01
3.280897999999999870e-01 7.785389000000000337e-01
3.283357000000000081e-01 7.787102999999999664e-01
3.291611999999999871e-01 7.733478999999999770e-01
3.251806999999999892e-01 7.759312000000000431e-01
3.263748000000000205e-01 7.789968999999999921e-01
3.259415999999999980e-01 7.786421999999999510e-01
3.228346000000000271e-01 7.869291999999999954e-01
3.165105999999999753e-01 7.893438999999999872e-01
3.180409000000000153e-01 7.906273999999999802e-01
3.211878000000000233e-01 7.908462000000000547e-01
3.209429999999999783e-01 7.903394999999999726e-01
3.228654000000000246e-01 7.889095999999999886e-01
3.247116999999999920e-01 7.929973999999999634e-01
3.242126000000000174e-01 7.936282000000000059e-01
3.253090000000000148e-01 7.875586999999999449e-01
3.220171000000000006e-01 7.887205999999999939e-01
3.213672000000000195e-01 7.868140999999999607e-01
3.270120000000000249e-01 7.862898999999999861e-01
3.277714999999999934e-01 7.861842999999999471e-01
3.235291000000000139e-01 7.886473000000000511e-01
3.187840000000000118e-01 7.904664000000000135e-01
3.192186000000000190e-01 7.856942000000000093e-01
3.130634999999999946e-01 7.845035999999999676e-01
3.223393999999999981e-01 7.847532000000000396e-01
3.256157000000000079e-01 7.843478999999999868e-01
3.306925000000000003e-01 7.840312000000000392e-01
3.303496000000000210e-01 7.841894999999999838e-01
3.315663999999999834e-01 7.843468999999999580e-01
3.317015999999999853e-01 7.842913000000000245e-01
3.329727000000000103e-01 7.868796999999999597e-01
3.300171000000000077e-01 7.872014000000000511e-01
3.303749999999999742e-01 7.872833000000000192e-01
3.317730999999999875e-01 7.841553999999999469e-01
3.359577000000000258e-01 7.822208000000000494e-01
3.298497000000000234e-01 7.727346000000000492e-01
3.272170999999999830e-01 7.708414999999999573e-01
3.309179999999999899e-01 7.675534000000000523e-01
3.306843999999999895e-01 7.617241000000000151e-01
3.334205000000000085e-01 7.625724999999999865e-01
3.330563000000000273e-01 7.576952999999999605e-01
3.325475999999999988e-01 7.565180000000000238e-01
3.332952000000000137e-01 7.587791999999999870e-01
3.297583000000000042e-01 7.609466000000000285e-01
3.304711000000000176e-01 7.598953999999999986e-01
3.302481999999999918e-01 7.614885999999999600e-01
3.290507999999999766e-01 7.664954999999999963e-01
3.237651999999999752e-01 7.634079999999999755e-01
3.211301999999999768e-01 7.676553999999999878e-01
3.199079000000000228e-01 7.685033999999999477e-01
3.210159000000000207e-01 7.638150000000000217e-01
3.262473000000000178e-01 7.637138999999999456e-01
3.242070000000000229e-01 7.649512000000000533e-01
3.172440000000000260e-01 7.606956999999999747e-01
3.233083999999999958e-01 7.698302000000000200e-01
3.202540999999999860e-01 7.658118999999999899e-01
3.247202000000000144e-01 7.638025000000000508e-01
3.246375000000000233e-01 7.638741000000000003e-01
3.275108999999999937e-01 7.682075000000000431e-01
3.333086000000000104e-01 7.663113000000000286e-01
3.324789000000000216e-01 7.617665000000000131e-01
3.315961000000000047e-01 7.638671999999999684e-01
3.315856999999999832e-01 7.638485999999999887e-01
3.341277999999999748e-01 7.657975000000000199e-01
3.306835000000000191e-01 7.644929999999999781e-01
3.242888999999999911e-01 7.705168999999999491e-01
3.250414999999999832e-01 7.673153999999999808e-01
3.198919000000000068e-01 7.794661999999999979e-01
3.181062000000000056e-01 7.665807999999999511e-01
3.152493000000000101e-01 7.663653999999999744e-01
3.116033999999999748e-01 7.660941999999999474e-01
3.087956000000000034e-01 7.713299999999999601e-01
3.097688000000000108e-01 7.702143999999999657e-01
3.095060000000000033e-01 7.700708000000000553e-01
3.092872999999999872e-01 7.699780000000000513e-01
3.109241999999999839e-01 7.724322999999999606e-01
3.116805000000000270e-01 7.751055999999999502e-01
3.138933999999999891e-01 7.776800000000000379e-01
3.151380999999999766e-01 7.790316000000000463e-01
3.132768000000000219e-01 7.797665999999999764e-01
3.139108999999999927e-01 7.782057000000000002e-01
3.122823000000000127e-01 7.803613999999999828e-01
3.134966000000000141e-01 7.782814999999999594e-01
3.138233999999999746e-01 7.779325999999999741e-01
3.155031999999999837e-01 7.754153000000000295e-01
3.176145000000000218e-01 7.710194000000000214e-01
3.191551000000000249e-01 7.682379000000000291e-01
3.194958999999999993e-01 7.690905999999999576e-01
3.201247999999999871e-01 7.691780999999999757e-01
3.228214999999999835e-01 7.646555999999999909e-01
3.239189000000000096e-01 7.603780999999999457e-01
3.239249000000000156e-01 7.603716000000000363e-01
3.287754999999999983e-01 7.639723000000000486e-01
3.299334999999999907e-01 7.632208000000000325e-01
3.314745000000000053e-01 7.649557000000000162e-01
3.247570000000000179e-01 7.617110999999999743e-01
3.247474000000000194e-01 7.596775999999999529e-01
3.239530999999999938e-01 7.597165000000000168e-01
3.271360999999999852e-01 7.661668000000000367e-01
3.302633999999999848e-01 7.617416999999999661e-01
3.329946999999999768e-01 7.701886000000000010e-01
3.315718000000000276e-01 7.707243999999999762e-01
3.306916999999999773e-01 7.717232000000000536e-01
3.301129999999999898e-01 7.721202999999999816e-01
3.284105999999999970e-01 7.782968999999999582e-01
3.269792999999999727e-01 7.792525999999999620e-01
3.280545999999999740e-01 7.779302999999999635e-01
3.218975000000000031e-01 7.795762999999999998e-01
3.226399999999999824e-01 7.777722999999999720e-01
3.245678000000000174e-01 7.688199000000000005e-01
3.215448000000000195e-01 7.717201000000000199e-01
3.221417999999999782e-01 7.742721999999999660e-01
3.234826000000000090e-01 7.763807999999999820e-01
3.243321000000000121e-01 7.890424000000000326e-01
3.303897000000000084e-01 7.888722000000000234e-01
3.300888000000000155e-01 7.882517999999999470e-01
3.368901000000000256e-01 7.858157000000000059e-01
3.372181000000000206e-01 7.855579999999999785e-01
3.448444999999999983e-01 7.820753000000000288e-01
3.478849999999999998e-01 7.814174000000000397e-01
3.470630000000000104e-01 7.861552000000000540e-01
3.432064000000000226e-01 7.860738000000000447e-01
3.432064000000000226e-01 7.860738000000000447e-01
3.423301999999999734e-01 7.859492999999999618e-01
3.381059000000000148e-01 7.919003999999999488e-01
3.383106000000000169e-01 7.924472000000000182e-01
3.401247000000000020e-01 7.940224999999999644e-01
3.396178999999999726e-01 7.947364000000000095e-01
3.406180999999999792e-01 7.926649000000000056e-01
3.392530000000000268e-01 7.916003000000000345e-01
3.413950000000000040e-01 7.926062999999999859e-01
3.403991000000000100e-01 8.007906999999999664e-01
3.437859999999999805e-01 7.983945000000000070e-01
3.438353000000000104e-01 8.002688999999999497e-01
3.441141999999999812e-01 8.000747999999999749e-01
3.391540000000000110e-01 8.036143000000000036e-01
3.395173000000000219e-01 8.031108999999999609e-01
3.391048999999999869e-01 7.999834000000000112e-01
3.409647000000000094e-01 8.009929999999999550e-01
3.547448000000000268e-01 8.056297000000000041e-01
3.479288999999999854e-01 8.093080000000000274e-01
3.442993999999999777e-01 8.063656999999999631e-01
3.424661999999999984e-01 8.024970999999999632e-01
3.412862999999999869e-01 8.001591999999999594e-01
3.441182999999999881e-01 8.008853999999999695e-01
3.445127000000000050e-01 8.004687999999999803e-01
3.414517000000000246e-01 7.972405999999999660e-01
3.429865999999999748e-01 7.971675000000000288e-01
3.475357000000000030e-01 7.958574000000000481e-01
3.462025000000000241e-01 7.970456000000000207e-01
3.511133000000000171e-01 7.971540000000000292e-01
3.502860999999999891e-01 8.007663999999999893e-01
3.555888999999999855e-01 7.980133000000000365e-01
3.556170000000000164e-01 8.028631999999999991e-01
3.540472000000000063e-01 8.053515999999999453e-01
3.620764000000000205e-01 8.110452000000000217e-01
3.616996000000000100e-01 8.112034999999999663e-01
3.683447000000000249e-01 8.156982999999999873e-01
3.683447000000000249e-01 8.156982999999999873e-01
3.738016000000000116e-01 8.134217000000000253e-01
3.765433999999999726e-01 8.167759999999999465e-01
3.729089999999999905e-01 8.230391000000000234e-01
3.765459999999999918e-01 8.162707999999999631e-01
3.749021000000000159e-01 8.220517999999999992e-01
3.755553999999999837e-01 8.205434999999999812e-01
3.751741000000000104e-01 8.205274000000000179e-01
3.844142999999999866e-01 8.174681999999999782e-01
3.857986999999999944e-01 8.143194999999999739e-01
3.855681000000000247e-01 8.143715999999999733e-01
3.853202000000000016e-01 8.139950000000000241e-01
3.814540000000000153e-01 8.145628999999999786e-01
3.816276000000000113e-01 8.151043000000000038e-01
3.757603999999999944e-01 8.184337000000000417e-01
3.740807999999999911e-01 8.179720999999999798e-01
3.793378000000000028e-01 8.207434999999999592e-01
3.793326000000000198e-01 8.137385000000000312e-01
3.853432999999999997e-01 8.179701000000000333e-01
3.883124000000000020e-01 8.247683000000000098e-01
3.891239000000000225e-01 8.241644999999999666e-01
3.895403000000000060e-01 8.271935000000000260e-01
3.939995000000000025e-01 8.267550000000000177e-01
3.942862999999999785e-01 8.263317999999999497e-01
3.915463000000000138e-01 8.247600000000000486e-01
3.929838999999999971e-01 8.285898000000000430e-01
3.937100000000000044e-01 8.302098999999999451e-01
3.981021000000000143e-01 8.396782999999999886e-01
3.985685999999999951e-01 8.397558000000000522e-01
3.956592999999999916e-01 8.355449999999999822e-01
3.950574000000000030e-01 8.322488999999999582e-01
3.950574000000000030e-01 8.322488999999999582e-01
3.960810000000000164e-01 8.320313999999999766e-01
3.934227000000000141e-01 8.318786000000000236e-01
3.919508999999999910e-01 8.289041000000000325e-01
3.901221000000000272e-01 8.308615999999999779e-01
3.881228999999999929e-01 8.324101999999999890e-01
3.856722000000000206e-01 8.324593000000000131e-01
3.894036000000000164e-01 8.337280000000000246e-01
3.868847999999999732e-01 8.281197999999999615e-01
3.906107999999999802e-01 8.327341999999999800e-01
3.891677000000000053e-01 8.333715999999999902e-01
3.902103000000000099e-01 8.315706999999999960e-01
3.899356999999999962e-01 8.319221999999999451e-01
3.894904000000000144e-01 8.262083000000000066e-01
3.923216999999999954e-01 8.313625999999999516e-01
3.925503000000000187e-01 8.279436999999999491e-01
3.929693000000000214e-01 8.290786999999999463e-01
3.928654999999999786e-01 8.294500000000000206e-01
3.926961999999999953e-01 8.288699999999999957e-01
3.918867999999999796e-01 8.285027999999999837e-01
3.901207999999999898e-01 8.293947999999999876e-01
3.861111999999999878e-01 8.324475999999999543e-01
3.804623999999999784e-01 8.347485000000000044e-01
3.769211000000000089e-01 8.380166000000000004e-01
3.748508999999999869e-01 8.371313000000000226e-01
3.799727999999999994e-01 8.379098000000000379e-01
3.809070999999999985e-01 8.320442000000000116e-01
3.772666000000000075e-01 8.284082000000000390e-01
3.772666000000000075e-01 8.284082000000000390e-01
3.840230000000000032e-01 8.359590999999999550e-01
3.857095999999999858e-01 8.409910999999999914e-01
3.877032999999999729e-01 8.367871999999999533e-01
3.907216000000000022e-01 8.374806000000000195e-01
3.860793000000000141e-01 8.379037999999999764e-01
3.971943000000000001e-01 8.380159000000000358e-01
4.009117999999999848e-01 8.381140999999999730e-01
4.006202999999999848e-01 8.379695000000000338e-01
4.002295000000000158e-01 8.380646999999999958e-01
4.000202999999999953e-01 8.387807999999999931e-01
4.000429999999999819e-01 8.387795000000000112e-01
3.984515000000000140e-01 8.376740999999999771e-01
3.977010999999999741e-01 8.368307000000000384e-01
3.972368000000000010e-01 8.353899000000000186e-01
3.952826999999999869e-01 8.377067000000000263e-01
3.866384999999999961e-01 8.404694000000000331e-01
3.860756000000000188e-01 8.398641999999999497e-01
3.871169999999999889e-01 8.402830999999999495e-01
3.893315999999999999e-01 8.404540999999999817e-01
3.914761999999999964e-01 8.406869999999999621e-01
3.913881000000000165e-01 8.408033999999999786e-01
3.879278999999999922e-01 8.417331999999999592e-01
3.880101000000000244e-01 8.421321999999999974e-01
3.953371999999999997e-01 8.419168000000000207e-01
3.980023999999999784e-01 8.440317999999999987e-01
3.980023999999999784e-01 8.440317999999999987e-01
4.004829999999999779e-01 8.428411000000000097e-01
4.004304000000000197e-01 8.441414999999999891e-01
4.061049999999999938e-01 8.420465000000000311e-01
4.015947999999999740e-01 8.374724000000000057e-01
4.012851000000000057e-01 8.391574000000000533e-01
4.022103000000000206e-01 8.452385000000000037e-01
4.089002999999999943e-01 8.454279000000000099e-01
4.114298000000000122e-01 8.402931000000000150e-01
4.133316000000000212e-01 8.406158000000000241e-01
4.147456999999999949e-01 8.404808999999999752e-01
4.170930999999999944e-01 8.404652999999999707e-01
4.079224000000000183e-01 8.398094000000000392e-01
4.075123999999999969e-01 8.421830999999999623e-01
4.046418999999999988e-01 8.349303000000000141e-01
3.998305999999999805e-01 8.380541999999999714e-01
4.004709000000000185e-01 8.387310000000000043e-01
4.033576999999999857e-01 8.455108999999999542e-01
4.019001999999999852e-01 8.479849999999999888e-01
4.014124000000000025e-01 8.492539000000000060e-01
3.974773999999999807e-01 8.460339000000000054e-01
3.956772000000000067e-01 8.459881000000000206e-01
3.987178000000000111e-01 8.404532000000000114e-01
4.038243000000000249e-01 8.400973000000000468e-01
4.000443000000000193e-01 8.392616999999999994e-01
4.053059999999999996e-01 8.440585999999999922e-01
4.058331000000000022e-01 8.395755999999999775e-01
4.016151000000000026e-01 8.380039000000000238e-01
3.948042999999999969e-01 8.411834000000000255e-01
3.946652999999999967e-01 8.409657000000000382e-01
3.968484999999999929e-01 8.485916999999999488e-01
3.935721999999999832e-01 8.502153999999999545e-01
3.907210999999999879e-01 8.431537999999999533e-01
3.955559000000000158e-01 8.477883000000000502e-01
3.940042999999999740e-01 8.500828999999999747e-01
3.939406999999999770e-01 8.501560999999999702e-01
3.889211000000000196e-01 8.530799999999999494e-01
3.889599999999999724e-01 8.536179999999999879e-01
3.942962999999999885e-01 8.583979000000000470e-01
3.936034999999999950e-01 8.570651999999999715e-01
3.931041000000000118e-01 8.573433000000000304e-01
3.932537999999999867e-01 8.567044999999999799e-01
3.931286999999999976e-01 8.567474000000000478e-01
3.933767000000000236e-01 8.570569000000000104e-01
3.993485999999999980e-01 8.508065000000000211e-01
3.994508999999999976e-01 8.514589000000000185e-01
3.840117000000000114e-01 8.525711000000000261e-01
3.811617999999999951e-01 8.592866999999999589e-01
3.847427999999999959e-01 8.580917999999999601e-01
3.860475999999999908e-01 8.566074999999999662e-01
3.853218999999999950e-01 8.531313000000000368e-01
3.832224000000000186e-01 8.467360000000000442e-01
3.831581000000000015e-01 8.466557999999999584e-01
3.825245999999999924e-01 8.469695999999999891e-01
3.818251999999999757e-01 8.486854000000000342e-01
3.829904000000000086e-01 8.518337999999999743e-01
3.898723000000000050e-01 8.484422999999999826e-01
3.857517999999999780e-01 8.499552999999999692e-01
3.886997999999999842e-01 8.493142999999999665e-01
3.908502999999999838e-01 8.554148999999999781e-01
3.915406000000000164e-01 8.543011999999999828e-01
3.881946000000000008e-01 8.549339999999999717e-01
3.893881000000000148e-01 8.553623999999999672e-01
3.885949000000000209e-01 8.541425000000000267e-01
3.839829000000000159e-01 8.558253000000000110e-01
3.843216999999999883e-01 8.547997000000000511e-01
3.772434000000000065e-01 8.512969999999999704e-01
3.762693999999999761e-01 8.459931000000000534e-01
3.756530000000000147e-01 8.457156000000000118e-01
3.744320999999999899e-01 8.515574999999999672e-01
3.745600000000000041e-01 8.537149000000000543e-01
3.629532999999999787e-01 8.565814999999999957e-01
3.610729999999999773e-01 8.531031000000000031e-01
3.626988999999999908e-01 8.534589000000000203e-01
3.592316999999999871e-01 8.524281999999999693e-01
3.653247000000000022e-01 8.527105000000000379e-01
3.638558000000000070e-01 8.542889999999999651e-01
3.569201000000000179e-01 8.501547000000000409e-01
3.606961000000000195e-01 8.540482999999999825e-01
3.561209000000000180e-01 8.511482999999999688e-01
3.557466000000000239e-01 8.509590000000000209e-01
3.606807000000000207e-01 8.512783000000000433e-01
3.575878000000000112e-01 8.503950999999999594e-01
3.575518999999999781e-01 8.469818999999999543e-01
3.591277999999999970e-01 8.437025000000000219e-01
3.638635000000000064e-01 8.440256999999999898e-01
3.654430000000000178e-01 8.437413000000000274e-01
3.651380000000000181e-01 8.471005999999999814e-01
3.657181999999999933e-01 8.517160999999999760e-01
3.703548999999999869e-01 8.454342000000000246e-01
3.579180000000000139e-01 8.423939000000000288e-01
3.678740999999999817e-01 8.424452000000000051e-01
3.659276000000000195e-01 8.419339999999999602e-01
3.658024999999999749e-01 8.418231000000000464e-01
3.661454000000000097e-01 8.415399000000000074e-01
3.659490000000000243e-01 8.412256000000000178e-01
3.661344000000000265e-01 8.413277999999999590e-01
3.661461999999999772e-01 8.425289999999999724e-01
3.643819999999999837e-01 8.467542999999999598e-01
3.643819999999999837e-01 8.467542999999999598e-01
3.645476000000000272e-01 8.497014999999999985e-01
3.649237000000000175e-01 8.481691000000000091e-01
3.548115000000000019e-01 8.507523999999999642e-01
3.557694000000000134e-01 8.482834999999999681e-01
3.566648000000000041e-01 8.436137000000000219e-01
3.559896000000000171e-01 8.489107000000000181e-01
3.550854999999999984e-01 8.473711000000000437e-01
3.570564999999999989e-01 8.484652999999999778e-01
3.572296999999999834e-01 8.490086999999999495e-01
3.612865000000000104e-01 8.499432000000000098e-01
3.562128999999999990e-01 8.553403000000000533e-01
3.565661999999999998e-01 8.535068000000000099e-01
3.566051000000000082e-01 8.535253999999999897e-01
3.568432000000000270e-01 8.532151999999999514e-01
3.480295999999999945e-01 8.544690999999999814e-01
3.499957000000000207e-01 8.552716999999999681e-01
3.493357999999999741e-01 8.570372000000000545e-01
3.484385999999999872e-01 8.599811000000000538e-01
3.485449999999999937e-01 8.536226000000000091e-01
3.419253999999999905e-01 8.549681000000000086e-01
3.444638999999999895e-01 8.603560999999999570e-01
3.425600999999999785e-01 8.540967999999999893e-01
3.464317000000000091e-01 8.520105000000000040e-01
3.448902999999999830e-01 8.532237999999999767e-01
3.491060999999999748e-01 8.539562000000000541e-01
3.440021999999999802e-01 8.567401000000000044e-01
3.423706000000000249e-01 8.562250000000000139e-01
3.450655000000000250e-01 8.537211999999999579e-01
3.474093999999999793e-01 8.507599999999999607e-01
3.532990999999999771e-01 8.475736999999999854e-01
3.552889000000000186e-01 8.517464000000000146e-01
3.525311999999999890e-01 8.561754000000000309e-01
3.522389000000000214e-01 8.546559999999999713e-01
3.515306000000000264e-01 8.543287999999999993e-01
3.516094000000000164e-01 8.553231999999999502e-01
3.441816999999999793e-01 8.510484999999999856e-01
3.430714999999999737e-01 8.596059999999999812e-01
3.444528000000000034e-01 8.614798999999999651e-01
3.448090999999999795e-01 8.659854999999999636e-01
3.495622999999999925e-01 8.654463999999999491e-01
3.495016000000000234e-01 8.651607000000000047e-01
3.572632000000000030e-01 8.657789999999999653e-01
3.606931999999999916e-01 8.670681000000000083e-01
3.636359000000000119e-01 8.762516999999999667e-01
3.613525000000000209e-01 8.786313000000000040e-01
3.621713999999999767e-01 8.791735999999999995e-01
3.669761000000000273e-01 8.816627000000000214e-01
3.688517000000000046e-01 8.777471999999999497e-01
3.716210999999999820e-01 8.778597999999999679e-01
3.731374000000000080e-01 8.838217000000000434e-01
3.714983000000000035e-01 8.832499000000000322e-01
3.674181000000000252e-01 8.834144999999999914e-01
3.666531000000000096e-01 8.818873999999999880e-01
3.686040999999999901e-01 8.793655000000000221e-01
3.697900000000000076e-01 8.846258999999999650e-01
3.658100000000000240e-01 8.888156999999999863e-01
3.649248999999999965e-01 8.890628999999999893e-01
3.618469999999999742e-01 8.884562999999999766e-01
3.622738999999999820e-01 8.894005000000000383e-01
3.620150999999999786e-01 8.893923999999999719e-01
3.640784000000000242e-01 8.928285000000000249e-01
3.662522000000000277e-01 8.877042000000000543e-01
3.654119000000000117e-01 8.903507999999999978e-01
3.564612999999999809e-01 8.854427000000000270e-01
3.566631000000000107e-01 8.820143000000000288e-01
3.549062000000000050e-01 8.823773999999999784e-01
3.557873999999999759e-01 8.786370000000000013e-01
3.553494999999999848e-01 8.782904000000000266e-01
3.556589000000000000e-01 8.747057000000000304e-01
3.561885000000000190e-01 8.749544999999999684e-01
3.537620000000000209e-01 8.738390999999999798e-01
3.525719999999999965e-01 8.737702000000000524e-01
3.526383000000000156e-01 8.707470999999999961e-01
3.534465999999999997e-01 8.710436999999999763e-01
3.546652000000000138e-01 8.702792999999999779e-01
3.549319000000000224e-01 8.761415000000000175e-01
3.541024999999999867e-01 8.751795999999999465e-01
3.529351000000000016e-01 8.761801999999999646e-01
3.507004000000000232e-01 8.699375999999999776e-01
3.590664000000000078e-01 8.750793000000000044e-01
3.556783000000000028e-01 8.764330000000000176e-01
3.553129999999999900e-01 8.760132000000000474e-01
3.569290999999999991e-01 8.816336000000000173e-01
3.590206000000000230e-01 8.843914999999999971e-01
3.658963000000000076e-01 8.828810000000000269e-01
3.678220999999999852e-01 8.881164999999999754e-01
3.653024000000000271e-01 8.942250999999999950e-01
3.673382000000000036e-01 8.885336999999999819e-01
3.690945999999999949e-01 8.881611999999999840e-01
3.688996999999999971e-01 8.868131999999999682e-01
3.670723000000000180e-01 8.807120000000000504e-01
3.762362000000000206e-01 8.825264999999999915e-01
3.689018000000000019e-01 8.774925000000000086e-01
3.759545000000000248e-01 8.739829000000000070e-01
3.804819999999999869e-01 8.728042999999999774e-01
3.819848000000000132e-01 8.767198999999999964e-01
3.816727999999999787e-01 8.762539999999999774e-01
3.820518999999999998e-01 8.781457999999999764e-01
3.805728999999999917e-01 8.793493000000000004e-01
3.828977000000000075e-01 8.813695999999999753e-01
3.864405000000000201e-01 8.860597000000000056e-01
3.886404999999999998e-01 8.874895999999999896e-01
3.892742000000000147e-01 8.874393000000000420e-01
3.972067000000000236e-01 8.827051999999999676e-01
3.998159000000000018e-01 8.852843999999999713e-01
4.050576000000000176e-01 8.962936999999999710e-01
4.024674999999999780e-01 8.945741000000000387e-01
4.054851999999999901e-01 8.954765000000000086e-01
4.093205999999999789e-01 8.981755999999999629e-01
4.142501000000000100e-01 9.020869999999999722e-01
4.160847999999999769e-01 9.018424000000000440e-01
4.157484000000000179e-01 8.937971000000000110e-01
4.112281999999999882e-01 8.904349000000000292e-01
4.091769000000000100e-01 8.886167000000000371e-01
4.135101999999999944e-01 8.909974000000000505e-01
4.102809000000000039e-01 8.844771000000000161e-01
4.113762999999999725e-01 8.851717999999999531e-01
4.125014000000000181e-01 8.855435000000000390e-01
4.083529000000000186e-01 8.877912999999999499e-01
4.099649000000000210e-01 8.861107000000000289e-01
4.118587000000000220e-01 8.888913000000000508e-01
4.107357999999999842e-01 8.907378000000000240e-01
4.106120999999999799e-01 8.867365999999999859e-01
4.124083000000000054e-01 8.865986000000000145e-01
4.120176999999999867e-01 8.856775000000000064e-01
4.093721000000000165e-01 8.845427000000000151e-01
4.099849999999999883e-01 8.855256000000000238e-01
4.080907999999999758e-01 8.798409999999999842e-01
4.055203000000000002e-01 8.801708000000000309e-01
4.045919000000000043e-01 8.817184999999999606e-01
4.048501999999999934e-01 8.816863999999999812e-01
4.103836000000000150e-01 8.741891000000000522e-01
4.077451999999999743e-01 8.745106000000000268e-01
4.096470999999999862e-01 8.732214999999999838e-01
4.082586000000000270e-01 8.731870999999999938e-01
4.067658000000000107e-01 8.769862000000000490e-01
4.008507000000000042e-01 8.738181000000000420e-01
4.008507000000000042e-01 8.738181000000000420e-01
3.948547000000000029e-01 8.729698000000000180e-01
3.950473999999999930e-01 8.723996000000000528e-01
3.879423000000000177e-01 8.624112000000000444e-01
3.896059000000000050e-01 8.529799999999999605e-01
3.896059000000000050e-01 8.529799999999999605e-01
3.898730999999999725e-01 8.527744999999999909e-01
3.910394999999999843e-01 8.534770000000000412e-01
3.965839999999999921e-01 8.557901999999999454e-01
3.945115000000000149e-01 8.570208000000000270e-01
3.881785999999999848e-01 8.610986000000000473e-01
3.898406999999999845e-01 8.574365999999999932e-01
3.866936000000000262e-01 8.581389000000000378e-01
3.846210999999999935e-01 8.566445999999999783e-01
3.812482999999999844e-01 8.571917999999999482e-01
3.807051000000000185e-01 8.570957999999999632e-01
3.781709999999999794e-01 8.537983999999999574e-01
3.791035999999999850e-01 8.571895999999999960e-01
3.751316000000000095e-01 8.598578000000000054e-01
3.759778999999999760e-01 8.552482000000000140e-01
3.789147999999999961e-01 8.590645000000000087e-01
3.762024999999999952e-01 8.529482999999999926e-01
3.799706999999999946e-01 8.616220999999999464e-01
3.758518000000000137e-01 8.592804000000000553e-01
3.678351000000000259e-01 8.511891000000000318e-01
3.785678000000000099e-01 8.503009999999999735e-01
3.772471000000000019e-01 8.506820000000000492e-01
3.706978000000000217e-01 8.440144000000000535e-01
3.693744999999999945e-01 8.452157999999999616e-01
3.790030999999999817e-01 8.477384000000000031e-01
3.767124000000000028e-01 8.530145000000000088e-01
3.763347000000000220e-01 8.552121999999999780e-01
3.756456000000000239e-01 8.549392000000000102e-01
3.766241000000000172e-01 8.494821999999999651e-01
3.660668000000000255e-01 8.551476999999999551e-01
3.692397000000000040e-01 8.553992000000000262e-01
3.724863999999999953e-01 8.564462999999999937e-01
3.762383000000000255e-01 8.504703999999999597e-01
3.778013000000000066e-01 8.509569999999999634e-01
3.768729000000000107e-01 8.457453999999999805e-01
3.735775000000000068e-01 8.451028999999999902e-01
3.757896000000000014e-01 8.515165999999999569e-01
3.691729000000000260e-01 8.459744999999999626e-01
3.694105999999999779e-01 8.466278000000000414e-01
3.734559000000000073e-01 8.511473000000000511e-01
3.761424999999999907e-01 8.502155999999999603e-01
3.762711999999999724e-01 8.504068000000000183e-01
3.759035000000000015e-01 8.500891999999999893e-01
3.766180000000000083e-01 8.485873999999999917e-01
3.842023999999999995e-01 8.474905000000000355e-01
3.873226000000000169e-01 8.399784000000000139e-01
3.876200000000000201e-01 8.404741999999999491e-01
3.820525000000000171e-01 8.308845999999999732e-01
3.842054999999999776e-01 8.250996000000000441e-01
3.854395999999999933e-01 8.257094000000000378e-01
3.851247999999999894e-01 8.256761000000000239e-01
3.868440000000000212e-01 8.234122000000000385e-01
3.856387000000000009e-01 8.183354000000000461e-01
3.882714999999999916e-01 8.217516999999999738e-01
3.923755999999999911e-01 8.198478000000000154e-01
3.933799000000000046e-01 8.186054999999999859e-01
3.941035999999999984e-01 8.177185000000000148e-01
3.942200000000000149e-01 8.184544999999999737e-01
3.934335999999999944e-01 8.222357999999999612e-01
3.997348000000000012e-01 8.265911999999999704e-01
4.022550999999999766e-01 8.224757999999999791e-01
4.008896000000000126e-01 8.240572999999999926e-01
4.018290999999999946e-01 8.250672999999999480e-01
4.033868999999999927e-01 8.240828000000000042e-01
4.002029999999999754e-01 8.219919999999999449e-01
4.018171999999999855e-01 8.217936999999999603e-01
4.002468000000000137e-01 8.192597000000000351e-01
3.971373999999999738e-01 8.221306000000000447e-01
3.971373999999999738e-01 8.221306000000000447e-01
4.006294000000000244e-01 8.237238999999999534e-01
3.935185999999999962e-01 8.182504000000000444e-01
3.923788000000000276e-01 8.214388999999999719e-01
3.927216000000000040e-01 8.209343999999999530e-01
3.944791000000000269e-01 8.176889999999999992e-01
3.935949999999999727e-01 8.171011000000000246e-01
3.906201999999999730e-01 8.205514000000000419e-01
3.910229000000000066e-01 8.207202000000000108e-01
3.842737999999999987e-01 8.138695999999999708e-01
3.855535999999999963e-01 8.116841999999999668e-01
3.838443999999999745e-01 8.118305000000000105e-01
3.753615000000000146e-01 8.099652999999999992e-01
3.822329999999999894e-01 8.096988000000000518e-01
3.786704000000000181e-01 8.125989000000000129e-01
3.765094999999999970e-01 8.108005000000000351e-01
3.751703000000000121e-01 8.109328999999999565e-01
3.767094999999999749e-01 8.107678000000000385e-01
3.760496999999999868e-01 8.116590000000000193e-01
3.690147999999999762e-01 8.086280000000000134e-01
3.662278999999999951e-01 8.114265000000000505e-01
3.662278999999999951e-01 8.114265000000000505e-01
3.603705999999999854e-01 8.146792999999999951e-01
3.614792000000000005e-01 8.194128000000000522e-01
3.608187999999999951e-01 8.189155999999999658e-01
3.575119999999999965e-01 8.136105000000000143e-01
3.589338999999999724e-01 8.158145999999999454e-01
3.573977999999999877e-01 8.182361000000000217e-01
3.583848000000000034e-01 8.175130999999999926e-01
3.566431999999999936e-01 8.160068999999999795e-01
3.511823000000000028e-01 8.153029999999999999e-01
3.517567999999999806e-01 8.157381000000000215e-01
3.517520000000000091e-01 8.153342000000000089e-01
3.522479000000000027e-01 8.177257999999999472e-01
3.466157999999999739e-01 8.185080000000000133e-01
3.466703999999999897e-01 8.197423999999999822e-01
3.457496999999999931e-01 8.199942999999999538e-01
3.460808000000000217e-01 8.201209999999999889e-01
3.482068999999999859e-01 8.144858999999999849e-01
3.510731999999999742e-01 8.110380000000000367e-01
3.509310999999999958e-01 8.106978000000000240e-01
3.503396999999999761e-01 8.094852999999999632e-01
3.450366999999999740e-01 8.074546999999999697e-01
3.498874000000000151e-01 8.095575000000000410e-01
3.412587000000000259e-01 8.136600000000000499e-01
3.379187000000000163e-01 8.088712000000000124e-01
3.380982000000000154e-01 8.063966000000000189e-01
3.340163999999999911e-01 8.070701999999999599e-01
3.274334999999999885e-01 8.153453999999999979e-01
3.277774999999999994e-01 8.159585999999999784e-01
3.253015000000000212e-01 8.255997999999999948e-01
3.278861000000000137e-01 8.348651999999999740e-01
3.335878999999999928e-01 8.377333999999999614e-01
3.339616999999999725e-01 8.372135000000000549e-01
3.312027000000000165e-01 8.472863999999999951e-01
3.333061999999999969e-01 8.552490999999999843e-01
3.334435000000000038e-01 8.544728999999999797e-01
3.334350999999999843e-01 8.515451000000000548e-01
3.295941000000000010e-01 8.554542000000000534e-01
3.333557999999999799e-01 8.625612999999999753e-01
3.331654000000000004e-01 8.633975000000000399e-01
3.345986000000000238e-01 8.728603000000000334e-01
3.326265999999999945e-01 8.719637000000000082e-01
3.314185000000000048e-01 8.713271000000000210e-01
3.373259000000000118e-01 8.684984999999999511e-01
3.266511000000000275e-01 8.651318999999999537e-01
3.257387999999999950e-01 8.647354999999999903e-01
3.292194999999999983e-01 8.702712000000000225e-01
3.286298000000000274e-01 8.678124000000000393e-01
3.341266999999999987e-01 8.699510999999999772e-01
3.421259999999999857e-01 8.716658000000000461e-01
3.470988999999999880e-01 8.727116999999999791e-01
3.469512000000000151e-01 8.724361999999999950e-01
3.511182999999999943e-01 8.742950000000000443e-01
3.549801000000000206e-01 8.743859999999999966e-01
3.588872000000000173e-01 8.720915000000000195e-01
3.563783999999999841e-01 8.744543000000000177e-01
3.554012999999999756e-01 8.752505000000000424e-01
3.592098000000000235e-01 8.859006000000000380e-01
3.594114999999999949e-01 8.858886000000000260e-01
3.621897000000000033e-01 8.773433999999999955e-01
3.600418000000000229e-01 8.806988999999999512e-01
3.645913000000000070e-01 8.886365000000000514e-01
3.683492999999999906e-01 8.922080999999999484e-01
3.657976000000000005e-01 8.912816999999999545e-01
3.687648000000000037e-01 8.886686000000000307e-01
3.687033000000000116e-01 8.886789999999999967e-01
3.689092999999999956e-01 8.851485000000000047e-01
3.733841999999999994e-01 8.842178000000000537e-01
3.750028000000000250e-01 8.827192999999999845e-01
3.757321000000000133e-01 8.829863999999999491e-01
3.754598000000000102e-01 8.752509000000000539e-01
3.778418000000000054e-01 8.705199999999999605e-01
3.784101999999999744e-01 8.700989999999999558e-01
3.753773000000000248e-01 8.779981999999999509e-01
3.752375000000000016e-01 8.781797000000000075e-01
3.754229000000000038e-01 8.889243999999999479e-01
3.707964000000000260e-01 8.906585000000000196e-01
3.688306000000000084e-01 8.909812999999999761e-01
3.690137000000000000e-01 8.915587000000000373e-01
3.706877000000000089e-01 8.956226999999999938e-01
3.706460999999999784e-01 8.965651999999999511e-01
3.697477000000000125e-01 8.957406999999999453e-01
3.679800999999999767e-01 8.978956000000000159e-01
3.693293000000000270e-01 8.960917000000000465e-01
3.658855999999999775e-01 8.928595000000000281e-01
3.652671000000000112e-01 8.945193000000000172e-01
3.610169999999999768e-01 8.856479000000000434e-01
3.599108999999999781e-01 8.789187000000000527e-01
3.675969000000000042e-01 8.764777999999999736e-01
3.719583000000000195e-01 8.655715000000000492e-01
3.670700000000000074e-01 8.623712999999999518e-01
3.688773000000000191e-01 8.679472000000000298e-01
3.702933999999999948e-01 8.553855000000000208e-01
3.710459999999999869e-01 8.515186000000000144e-01
3.681713999999999820e-01 8.523462000000000538e-01
3.648143999999999831e-01 8.558120000000000172e-01
3.610273999999999983e-01 8.526192000000000215e-01
3.623910000000000187e-01 8.556380999999999570e-01
3.623002000000000167e-01 8.556749999999999634e-01
3.593381999999999965e-01 8.609151000000000442e-01
3.592400000000000038e-01 8.604462999999999973e-01
3.542696000000000178e-01 8.635399000000000269e-01
3.487142999999999771e-01 8.596209000000000211e-01
3.491582999999999770e-01 8.644771999999999457e-01
3.463780000000000192e-01 8.715650000000000341e-01
3.494142000000000081e-01 8.721955999999999598e-01
3.501335999999999893e-01 8.721379999999999688e-01
3.484318000000000137e-01 8.720018999999999965e-01
3.546858999999999984e-01 8.693631000000000553e-01
3.602556000000000092e-01 8.744766999999999957e-01
3.608453999999999828e-01 8.705515000000000336e-01
3.593349000000000126e-01 8.712655000000000260e-01
3.628209000000000017e-01 8.744237999999999733e-01
3.612532999999999994e-01 8.731195999999999957e-01
3.623668999999999918e-01 8.724271000000000109e-01
3.660660000000000025e-01 8.747028999999999499e-01
3.644110999999999878e-01 8.790774999999999562e-01
3.607630000000000003e-01 8.750653999999999932e-01
3.577602999999999756e-01 8.795663000000000231e-01
3.602688000000000001e-01 8.765939999999999843e-01
3.604575999999999891e-01 8.766844999999999777e-01
3.597228000000000092e-01 8.794231999999999605e-01
3.621870999999999841e-01 8.758061000000000318e-01
3.633796000000000248e-01 8.822980999999999741e-01
3.630475000000000230e-01 8.820198000000000205e-01
3.610129999999999728e-01 8.827361000000000235e-01
3.614318999999999726e-01 8.801560999999999968e-01
3.626577000000000273e-01 8.811575000000000379e-01
3.657660999999999829e-01 8.882970999999999506e-01
3.655796000000000046e-01 8.884495999999999505e-01
3.672976000000000019e-01 8.912565000000000071e-01
3.718032000000000004e-01 8.881516999999999884e-01
3.715960999999999848e-01 8.890424000000000104e-01
3.677112000000000158e-01 8.873126000000000069e-01
3.720479999999999898e-01 8.870027000000000328e-01
3.717601999999999851e-01 8.886323999999999890e-01
3.711562999999999946e-01 8.868019000000000318e-01
3.672836999999999907e-01 8.860481000000000051e-01
3.683796999999999766e-01 8.868943000000000243e-01
3.698286000000000073e-01 8.862957000000000196e-01
3.726394000000000095e-01 8.842259999999999565e-01
3.822127000000000163e-01 8.795020999999999534e-01
3.780647999999999787e-01 8.810411000000000215e-01
3.733370999999999773e-01 8.798677000000000303e-01
3.727662999999999949e-01 8.800525000000000153e-01
3.721697999999999951e-01 8.803210999999999675e-01
3.710768999999999873e-01 8.797958999999999641e-01
3.719545000000000212e-01 8.767023999999999928e-01
3.727559999999999762e-01 8.819207000000000019e-01
3.720865999999999896e-01 8.818595999999999657e-01
3.720865999999999896e-01 8.818595999999999657e-01
3.764366000000000101e-01 8.814170000000000060e-01
3.769734000000000140e-01 8.826330999999999483e-01
3.766779000000000099e-01 8.828376999999999475e-01
3.811026000000000136e-01 8.795912000000000175e-01
3.825181999999999749e-01 8.785631999999999886e-01
3.824486000000000274e-01 8.806572999999999762e-01
3.820064000000000237e-01 8.843868000000000285e-01
3.877845999999999793e-01 8.797719999999999985e-01
3.873415000000000052e-01 8.733596000000000137e-01
3.908041999999999905e-01 8.642862000000000045e-01
3.834234999999999727e-01 8.707667999999999520e-01
3.853990999999999945e-01 8.687205999999999539e-01
3.831335000000000157e-01 8.646557999999999744e-01
3.833796999999999899e-01 8.647730000000000139e-01
3.814988999999999741e-01 8.694844999999999935e-01
3.799873999999999752e-01 8.654893000000000169e-01
3.812342000000000231e-01 8.679565000000000197e-01
3.824447999999999737e-01 8.686739999999999462e-01
3.860974999999999824e-01 8.647312999999999805e-01
3.792196999999999929e-01 8.887814000000000547e-01
3.797689000000000203e-01 8.939321000000000073e-01
3.802452000000000054e-01 8.937675999999999954e-01
3.892731999999999859e-01 8.782554999999999668e-01
3.885728999999999989e-01 8.837669999999999693e-01
3.890911000000000231e-01 8.846901000000000348e-01
3.886220000000000230e-01 8.825718000000000174e-01
3.881386000000000003e-01 8.777253999999999889e-01
3.890904000000000029e-01 8.747380999999999629e-01
3.911206999999999878e-01 8.748612999999999529e-01
3.839016000000000095e-01 8.769012999999999947e-01
3.863830999999999793e-01 8.756239999999999579e-01
3.840689999999999937e-01 8.698730000000000073e-01
3.837568000000000090e-01 8.699426999999999577e-01
3.784243999999999941e-01 8.625486999999999460e-01
3.686862000000000195e-01 8.665604999999999558e-01
3.671634999999999760e-01 8.685102999999999573e-01
3.680354000000000125e-01 8.707660000000000400e-01
3.656650000000000178e-01 8.659073999999999938e-01
3.655705000000000204e-01 8.664018999999999471e-01
3.609630999999999812e-01 8.702379000000000087e-01
3.600598999999999883e-01 8.798553000000000068e-01
3.575202000000000102e-01 8.810810000000000031e-01
3.547955999999999888e-01 8.804895000000000360e-01
3.490370999999999890e-01 8.802735000000000420e-01
3.477809000000000039e-01 8.795089999999999852e-01
3.561900000000000066e-01 8.830158000000000174e-01
3.562310000000000199e-01 8.830845999999999973e-01
3.567954999999999877e-01 8.832265000000000255e-01
3.552895999999999832e-01 8.815307000000000004e-01
3.578528999999999738e-01 8.806412999999999602e-01
3.581814999999999860e-01 8.806583000000000050e-01
3.601145000000000040e-01 8.816062000000000065e-01
3.578322999999999920e-01 8.795020000000000060e-01
3.614800000000000235e-01 8.805218000000000211e-01
3.614164000000000265e-01 8.804942000000000046e-01
3.582914999999999850e-01 8.836425999999999448e-01
3.550950999999999969e-01 8.849704999999999933e-01
3.524096999999999924e-01 8.846889000000000003e-01
3.531992999999999938e-01 8.871731000000000478e-01
3.596454000000000040e-01 8.904292999999999791e-01
3.606650000000000134e-01 8.908167000000000169e-01
3.652649000000000035e-01 8.882651000000000296e-01
3.625101000000000018e-01 8.909673000000000176e-01
3.633548999999999807e-01 8.878475999999999591e-01
3.637947000000000264e-01 8.839601999999999737e-01
3.632594000000000101e-01 8.835958999999999897e-01
3.605552000000000201e-01 8.843988999999999878e-01
3.616325000000000234e-01 8.825051999999999897e-01
3.724024000000000223e-01 8.881493000000000304e-01
3.717561999999999811e-01 8.866405000000000536e-01
3.698121999999999798e-01 8.882347000000000437e-01
3.674969000000000152e-01 8.884052999999999534e-01
3.663565999999999767e-01 8.862082999999999489e-01
3.697668000000000066e-01 8.832524000000000486e-01
3.738736999999999755e-01 8.883583999999999925e-01
3.700797000000000114e-01 8.854598000000000191e-01
3.718111000000000055e-01 8.809654000000000096e-01
3.724791000000000074e-01 8.828106000000000009e-01
3.710080000000000044e-01 8.796682999999999586e-01
3.635488000000000053e-01 8.775435999999999792e-01
3.636750000000000260e-01 8.775562000000000085e-01
3.636777999999999955e-01 8.775560000000000027e-01
3.669451000000000240e-01 8.811183999999999683e-01
3.659472999999999754e-01 8.809890999999999694e-01
3.639479999999999937e-01 8.775058999999999498e-01
3.633346000000000076e-01 8.765730000000000466e-01
3.671165000000000123e-01 8.774043000000000259e-01
3.720791999999999988e-01 8.831162999999999652e-01
3.721466999999999969e-01 8.827074000000000309e-01
3.669452000000000269e-01 8.865005999999999720e-01
3.678428999999999727e-01 8.860183000000000364e-01
3.723929999999999740e-01 8.850329000000000113e-01
3.764226999999999990e-01 8.881061999999999568e-01
3.764627999999999863e-01 8.894672000000000134e-01
3.792571000000000137e-01 8.864783000000000523e-01
3.790959999999999885e-01 8.808565000000000422e-01
3.815758000000000205e-01 8.776526999999999523e-01
3.828385000000000260e-01 8.781575000000000353e-01
3.741206000000000254e-01 8.768190000000000150e-01
3.733572000000000002e-01 8.735022000000000064e-01
3.732075999999999727e-01 8.783490000000000464e-01
3.686260000000000092e-01 8.796190999999999871e-01
3.651668000000000136e-01 8.832117999999999913e-01
3.663536000000000015e-01 8.832661000000000540e-01
3.639996999999999816e-01 8.817397999999999625e-01
3.636113999999999735e-01 8.818538000000000210e-01
3.594896000000000202e-01 8.862098999999999949e-01
3.604051999999999811e-01 8.860080000000000178e-01
3.617344000000000115e-01 8.862292000000000503e-01
3.612697000000000269e-01 8.888167999999999624e-01
3.547315999999999803e-01 8.864109999999999490e-01
3.528163999999999745e-01 8.894849000000000228e-01
3.598246999999999973e-01 8.912968999999999475e-01
3.558223999999999831e-01 8.916937999999999809e-01
3.531682999999999906e-01 8.918956999999999580e-01
3.526293999999999818e-01 8.855039000000000105e-01
3.553055999999999992e-01 8.805912999999999657e-01
3.579221000000000208e-01 8.816446000000000005e-01
3.581902000000000141e-01 8.814779999999999838e-01
3.582771000000000150e-01 8.813921999999999590e-01
3.589099000000000039e-01 8.794174000000000158e-01
3.589117000000000002e-01 8.793248999999999649e-01
3.624205999999999817e-01 8.807167000000000190e-01
3.619076999999999988e-01 8.810799000000000269e-01
3.600356000000000112e-01 8.811234999999999484e-01
3.529424999999999923e-01 8.776321999999999734e-01
3.563571999999999851e-01 8.820550000000000335e-01
3.557910000000000239e-01 8.847114000000000367e-01
3.568886000000000003e-01 8.848266999999999660e-01
3.526657000000000264e-01 8.886549999999999727e-01
3.508704000000000267e-01 8.841244999999999798e-01
3.510835999999999957e-01 8.802246000000000237e-01
3.462514999999999898e-01 8.821881000000000306e-01
3.490307999999999744e-01 8.802518999999999760e-01
3.491830000000000211e-01 8.797724000000000100e-01
3.539710999999999830e-01 8.868553000000000130e-01
3.457165999999999850e-01 8.866895999999999667e-01
3.482800999999999814e-01 8.886382000000000447e-01
3.520548000000000011e-01 8.862908000000000452e-01
3.530077999999999827e-01 8.849789000000000128e-01
3.532715000000000161e-01 8.849911000000000305e-01
3.492597000000000063e-01 8.760464999999999502e-01
3.492782999999999860e-01 8.759325999999999501e-01
3.530516000000000210e-01 8.738198999999999828e-01
3.493793000000000037e-01 8.724047000000000329e-01
3.494482999999999895e-01 8.721813000000000482e-01
3.494429000000000007e-01 8.721708000000000238e-01
3.516717999999999789e-01 8.647555000000000103e-01
3.535015000000000240e-01 8.626764000000000099e-01
3.527532999999999919e-01 8.628768999999999467e-01
3.497593999999999981e-01 8.603956000000000381e-01
3.490762000000000032e-01 8.539512999999999687e-01
3.452868000000000048e-01 8.460284999999999611e-01
3.458758000000000110e-01 8.472741000000000300e-01
3.426841999999999944e-01 8.572518999999999556e-01
3.428712999999999900e-01 8.571744999999999504e-01
3.428638999999999992e-01 8.530453000000000063e-01
3.383528000000000091e-01 8.483888000000000540e-01
3.339676999999999785e-01 8.437864000000000475e-01
3.281388000000000083e-01 8.438752999999999949e-01
3.273389999999999911e-01 8.432692999999999994e-01
3.282726999999999729e-01 8.445629999999999526e-01
3.277983999999999898e-01 8.461963000000000124e-01
3.285654000000000075e-01 8.493347999999999454e-01
3.305094000000000087e-01 8.476162000000000418e-01
3.284102999999999883e-01 8.468478999999999868e-01
3.229774999999999729e-01 8.398843000000000281e-01
3.218741999999999992e-01 8.381245999999999974e-01
3.221746999999999805e-01 8.393283999999999745e-01
3.223094000000000237e-01 8.366346000000000060e-01
3.225065999999999766e-01 8.383247999999999811e-01
3.238978000000000135e-01 8.378898999999999653e-01
3.198547999999999947e-01 8.305567999999999840e-01
3.207562999999999942e-01 8.310018999999999600e-01
3.219971999999999834e-01 8.287822000000000244e-01
3.244465999999999739e-01 8.285947999999999647e-01
3.336296000000000261e-01 8.257311999999999985e-01
3.380087999999999981e-01 8.238775999999999877e-01
3.443813000000000013e-01 8.300796000000000285e-01
3.470178999999999903e-01 8.261475000000000346e-01
3.500688000000000133e-01 8.299596999999999669e-01
3.479856000000000060e-01 8.329838000000000520e-01
3.470714999999999772e-01 8.313660999999999968e-01
3.480726000000000098e-01 8.308613000000000248e-01
3.487821999999999867e-01 8.327542000000000000e-01
3.441105999999999887e-01 8.352262999999999771e-01
3.402425000000000033e-01 8.346400000000000485e-01
3.392614999999999936e-01 8.304821000000000009e-01
3.324645999999999990e-01 8.293009000000000075e-01
3.325179999999999803e-01 8.294415000000000537e-01
3.315823999999999994e-01 8.270747000000000515e-01
3.474894000000000038e-01 8.217183999999999600e-01
3.521143999999999941e-01 8.245133000000000045e-01
3.523553999999999853e-01 8.246035999999999921e-01
3.510377000000000081e-01 8.221190999999999915e-01
3.456345000000000112e-01 8.207969999999999988e-01
3.432048999999999794e-01 8.229501000000000177e-01
3.374304000000000192e-01 8.223833000000000393e-01
