# omega_M , omega_L
2.889900000000000246e-01 6.497716999999999521e-01
2.889900000000000246e-01 6.497716999999999521e-01
2.600907000000000080e-01 6.593748000000000387e-01
2.581589000000000245e-01 6.730382999999999782e-01
2.785699999999999843e-01 6.727520000000000167e-01
2.785699999999999843e-01 6.727520000000000167e-01
2.751451999999999787e-01 6.739794000000000063e-01
2.865500000000000269e-01 6.898566000000000420e-01
2.893054999999999932e-01 6.893633999999999595e-01
2.893054999999999932e-01 6.893633999999999595e-01
2.893054999999999932e-01 6.893633999999999595e-01
2.821044999999999803e-01 7.006219000000000197e-01
3.150391000000000163e-01 7.245095000000000285e-01
3.125920999999999839e-01 7.343659999999999632e-01
2.853647000000000267e-01 7.464018999999999515e-01
2.898882999999999877e-01 7.453492999999999924e-01
3.291900999999999855e-01 7.507038000000000322e-01
3.291900999999999855e-01 7.507038000000000322e-01
3.193669000000000091e-01 7.455966000000000538e-01
3.100264999999999826e-01 7.533385000000000220e-01
3.088725999999999972e-01 7.561145999999999701e-01
3.022513000000000005e-01 7.691202999999999790e-01
2.880747000000000169e-01 7.630527000000000282e-01
2.756353000000000275e-01 7.590000000000000080e-01
2.756353000000000275e-01 7.590000000000000080e-01
2.958262999999999865e-01 7.827619999999999578e-01
2.877992999999999801e-01 7.596503999999999479e-01
2.885201000000000016e-01 7.473043000000000324e-01
2.986050000000000093e-01 7.224036999999999820e-01
2.881964000000000192e-01 7.188744999999999719e-01
2.881964000000000192e-01 7.188744999999999719e-01
2.894174999999999942e-01 7.215283999999999587e-01
2.941874999999999907e-01 7.054928999999999784e-01
2.944613999999999843e-01 7.058999000000000246e-01
2.944613999999999843e-01 7.058999000000000246e-01
2.854149999999999743e-01 7.048636999999999819e-01
2.829376000000000113e-01 7.080492000000000452e-01
2.781861999999999946e-01 7.151931000000000260e-01
2.781861999999999946e-01 7.151931000000000260e-01
2.847933999999999743e-01 7.162484999999999546e-01
2.874611000000000249e-01 7.169849000000000361e-01
2.874611000000000249e-01 7.169849000000000361e-01
2.796212000000000142e-01 7.302800999999999876e-01
2.729207000000000161e-01 7.267978999999999967e-01
2.729207000000000161e-01 7.267978999999999967e-01
2.729207000000000161e-01 7.267978999999999967e-01
2.808104000000000156e-01 7.185173000000000254e-01
2.791242999999999919e-01 7.377867999999999649e-01
2.797213000000000060e-01 7.364661999999999598e-01
2.797213000000000060e-01 7.364661999999999598e-01
2.786547999999999803e-01 7.328833000000000153e-01
2.642148999999999748e-01 7.143211999999999895e-01
2.642148999999999748e-01 7.143211999999999895e-01
2.770295999999999870e-01 7.565581999999999585e-01
2.800432999999999950e-01 7.592389000000000499e-01
2.838083000000000133e-01 7.613387000000000349e-01
2.838083000000000133e-01 7.613387000000000349e-01
2.838083000000000133e-01 7.613387000000000349e-01
2.840139999999999887e-01 7.615404999999999536e-01
2.670748000000000011e-01 7.453437000000000534e-01
2.683800000000000074e-01 7.421404000000000334e-01
2.683800000000000074e-01 7.421404000000000334e-01
2.668723000000000067e-01 7.239978000000000247e-01
2.668723000000000067e-01 7.239978000000000247e-01
2.668723000000000067e-01 7.239978000000000247e-01
2.601598999999999995e-01 7.184468999999999994e-01
2.737045000000000172e-01 7.072357000000000227e-01
2.865572000000000119e-01 6.940363000000000504e-01
2.884425999999999934e-01 6.890612999999999877e-01
2.884425999999999934e-01 6.890612999999999877e-01
2.835349999999999815e-01 7.063549999999999551e-01
2.793927999999999967e-01 7.329622000000000082e-01
2.793927999999999967e-01 7.329622000000000082e-01
2.790850999999999749e-01 7.332155999999999674e-01
2.732810999999999990e-01 7.301334000000000435e-01
2.746663999999999772e-01 7.308881000000000405e-01
2.721728999999999954e-01 7.143203999999999665e-01
2.727783999999999764e-01 7.168295999999999557e-01
2.704736999999999836e-01 7.169967999999999897e-01
2.696619000000000099e-01 7.000663000000000302e-01
2.788837000000000121e-01 7.335487000000000535e-01
2.976030000000000064e-01 7.312815000000000287e-01
3.006649000000000127e-01 7.330548999999999538e-01
3.006649000000000127e-01 7.330548999999999538e-01
2.994576999999999933e-01 7.246591999999999478e-01
3.023045999999999789e-01 7.046204999999999830e-01
3.023045999999999789e-01 7.046204999999999830e-01
3.023045999999999789e-01 7.046204999999999830e-01
2.883681000000000161e-01 7.248997999999999831e-01
2.825365000000000237e-01 7.362026999999999877e-01
2.825365000000000237e-01 7.362026999999999877e-01
2.793985999999999970e-01 7.368128999999999929e-01
2.809239000000000042e-01 7.438464999999999661e-01
2.872839999999999838e-01 7.618171999999999722e-01
2.796162999999999843e-01 7.627108000000000221e-01
2.796162999999999843e-01 7.627108000000000221e-01
2.848997999999999808e-01 7.675032999999999994e-01
2.848997999999999808e-01 7.675032999999999994e-01
2.934431000000000123e-01 7.519546999999999759e-01
2.835857999999999990e-01 7.364956999999999754e-01
2.918953000000000242e-01 7.311691999999999636e-01
2.951904000000000194e-01 7.340573999999999710e-01
3.128686999999999996e-01 7.508175999999999739e-01
3.128686999999999996e-01 7.508175999999999739e-01
3.128686999999999996e-01 7.508175999999999739e-01
3.128686999999999996e-01 7.508175999999999739e-01
3.108612000000000042e-01 7.584425999999999668e-01
3.143007999999999913e-01 7.562967999999999913e-01
3.210243999999999875e-01 7.453579000000000176e-01
3.210243999999999875e-01 7.453579000000000176e-01
3.241313000000000111e-01 7.479938000000000420e-01
3.241313000000000111e-01 7.479938000000000420e-01
3.195891000000000148e-01 7.492273999999999878e-01
3.348468000000000000e-01 7.767114000000000518e-01
3.343949999999999978e-01 7.820498000000000172e-01
3.343949999999999978e-01 7.820498000000000172e-01
3.356018000000000057e-01 7.773352999999999513e-01
3.356018000000000057e-01 7.773352999999999513e-01
3.356018000000000057e-01 7.773352999999999513e-01
3.370059999999999722e-01 7.771295999999999760e-01
3.370059999999999722e-01 7.771295999999999760e-01
3.370059999999999722e-01 7.771295999999999760e-01
3.378405999999999909e-01 7.790257999999999905e-01
3.345431999999999850e-01 7.732504000000000044e-01
3.345431999999999850e-01 7.732504000000000044e-01
3.327515999999999807e-01 7.767994000000000288e-01
3.327515999999999807e-01 7.767994000000000288e-01
3.229678000000000271e-01 7.875651999999999653e-01
3.080294000000000088e-01 7.888829000000000535e-01
3.058767000000000014e-01 7.887855000000000283e-01
2.907880999999999938e-01 7.642837000000000103e-01
3.093811000000000200e-01 7.859298999999999591e-01
3.132718999999999920e-01 8.005716999999999972e-01
3.193328999999999751e-01 7.960148000000000224e-01
3.321521000000000057e-01 7.960293999999999981e-01
3.321521000000000057e-01 7.960293999999999981e-01
3.195567000000000268e-01 7.955413000000000068e-01
3.337233000000000005e-01 7.924575000000000369e-01
3.317848999999999937e-01 8.023082999999999743e-01
3.317848999999999937e-01 8.023082999999999743e-01
3.337710999999999872e-01 8.027263000000000037e-01
3.343272999999999939e-01 7.994826000000000432e-01
3.278563999999999923e-01 7.963850000000000096e-01
3.278563999999999923e-01 7.963850000000000096e-01
3.278563999999999923e-01 7.963850000000000096e-01
3.278563999999999923e-01 7.963850000000000096e-01
3.278563999999999923e-01 7.963850000000000096e-01
3.254762999999999962e-01 7.982744999999999980e-01
3.257601999999999998e-01 7.981899999999999551e-01
3.230271000000000114e-01 7.892565999999999748e-01
3.297995000000000232e-01 7.818060000000000009e-01
3.447714000000000056e-01 8.132066999999999490e-01
3.438436000000000270e-01 8.263142999999999461e-01
3.480607000000000006e-01 8.173221000000000513e-01
3.392789999999999973e-01 8.006990000000000496e-01
3.401214000000000182e-01 8.061831999999999887e-01
3.420966999999999758e-01 8.042032999999999543e-01
3.390996000000000010e-01 8.202340000000000186e-01
3.461966000000000210e-01 8.193548000000000497e-01
3.375033000000000061e-01 7.962321999999999456e-01
3.332704000000000222e-01 7.971981999999999680e-01
3.355476000000000014e-01 7.984466000000000063e-01
3.434477000000000224e-01 8.166706999999999717e-01
3.534411000000000080e-01 8.096035000000000315e-01
3.533141000000000198e-01 8.222758000000000012e-01
3.502086999999999839e-01 8.226196999999999537e-01
3.492093000000000003e-01 8.223036000000000234e-01
3.492093000000000003e-01 8.223036000000000234e-01
3.492093000000000003e-01 8.223036000000000234e-01
3.551174999999999748e-01 8.192937000000000136e-01
3.198900000000000077e-01 8.192215000000000469e-01
3.413434000000000190e-01 8.482501000000000069e-01
3.609437999999999813e-01 8.715104000000000184e-01
3.612762999999999947e-01 8.806542000000000536e-01
3.612878999999999952e-01 8.866152999999999951e-01
3.612878999999999952e-01 8.866152999999999951e-01
3.612878999999999952e-01 8.866152999999999951e-01
3.612878999999999952e-01 8.866152999999999951e-01
3.681476000000000193e-01 8.706205999999999667e-01
3.671119999999999939e-01 8.698740000000000361e-01
3.738854999999999817e-01 8.807924000000000309e-01
3.725912000000000113e-01 8.937985000000000513e-01
3.725912000000000113e-01 8.937985000000000513e-01
3.725912000000000113e-01 8.937985000000000513e-01
3.725373000000000157e-01 8.945608000000000448e-01
3.728719999999999812e-01 8.899776999999999827e-01
3.728719999999999812e-01 8.899776999999999827e-01
3.728719999999999812e-01 8.899776999999999827e-01
3.572342000000000017e-01 8.953680000000000527e-01
3.572342000000000017e-01 8.953680000000000527e-01
3.572342000000000017e-01 8.953680000000000527e-01
3.504959999999999742e-01 8.961940999999999935e-01
3.697364000000000206e-01 9.258262000000000436e-01
3.697364000000000206e-01 9.258262000000000436e-01
3.713331000000000270e-01 9.240654999999999841e-01
3.713529999999999887e-01 9.224115999999999982e-01
3.732512000000000052e-01 8.947910999999999504e-01
3.805606000000000266e-01 8.860122000000000275e-01
3.805606000000000266e-01 8.860122000000000275e-01
3.863378000000000090e-01 8.881963000000000497e-01
3.863378000000000090e-01 8.881963000000000497e-01
3.898823000000000150e-01 8.842126000000000152e-01
3.898823000000000150e-01 8.842126000000000152e-01
3.887602000000000002e-01 8.831719000000000097e-01
3.887602000000000002e-01 8.831719000000000097e-01
3.930965000000000154e-01 8.931481999999999477e-01
3.930965000000000154e-01 8.931481999999999477e-01
3.930965000000000154e-01 8.931481999999999477e-01
3.930965000000000154e-01 8.931481999999999477e-01
3.930965000000000154e-01 8.931481999999999477e-01
3.916684999999999750e-01 8.931936000000000320e-01
3.908536000000000232e-01 8.918093999999999744e-01
3.908536000000000232e-01 8.918093999999999744e-01
3.673295999999999784e-01 8.992630999999999819e-01
3.548677000000000081e-01 8.914611999999999536e-01
3.749574999999999991e-01 8.906249000000000526e-01
3.713657000000000208e-01 8.910635999999999557e-01
3.923629000000000144e-01 8.844798000000000382e-01
3.968615999999999810e-01 8.841421999999999892e-01
4.018699000000000021e-01 8.804127999999999954e-01
3.897346999999999895e-01 8.811525000000000052e-01
3.903589000000000087e-01 8.810132999999999992e-01
3.883907999999999805e-01 8.804087000000000440e-01
3.883907999999999805e-01 8.804087000000000440e-01
3.667990999999999890e-01 8.872813999999999979e-01
3.663971999999999785e-01 8.993442999999999854e-01
3.664511999999999770e-01 9.006421999999999484e-01
3.664511999999999770e-01 9.006421999999999484e-01
3.801911000000000040e-01 9.020595999999999615e-01
3.881062000000000123e-01 9.061536999999999509e-01
3.781438999999999773e-01 9.108093999999999912e-01
3.781438999999999773e-01 9.108093999999999912e-01
3.814699999999999758e-01 9.092204999999999870e-01
3.835398999999999892e-01 9.079428000000000498e-01
3.678771000000000124e-01 9.042683999999999722e-01
3.678771000000000124e-01 9.042683999999999722e-01
3.610179000000000027e-01 8.941440000000000499e-01
3.610179000000000027e-01 8.941440000000000499e-01
3.610179000000000027e-01 8.941440000000000499e-01
3.610179000000000027e-01 8.941440000000000499e-01
3.613113000000000019e-01 8.939745000000000053e-01
3.644264999999999866e-01 9.015919999999999490e-01
3.770798000000000205e-01 8.998178000000000010e-01
3.931369000000000113e-01 9.183761000000000285e-01
3.931369000000000113e-01 9.183761000000000285e-01
3.932788999999999868e-01 9.098945000000000505e-01
3.932788999999999868e-01 9.098945000000000505e-01
3.989061999999999886e-01 9.068175000000000541e-01
3.989061999999999886e-01 9.068175000000000541e-01
3.986550999999999845e-01 9.066807000000000061e-01
4.095523999999999831e-01 8.912643999999999567e-01
4.209983999999999948e-01 9.110605999999999982e-01
3.992152999999999952e-01 9.127870999999999624e-01
3.863565999999999945e-01 8.776108999999999716e-01
3.835105999999999793e-01 8.793526000000000398e-01
3.894431999999999894e-01 8.778873999999999844e-01
3.894431999999999894e-01 8.778873999999999844e-01
3.894431999999999894e-01 8.778873999999999844e-01
3.832303000000000237e-01 8.545625000000000027e-01
3.805451999999999724e-01 8.480010999999999521e-01
3.765394000000000241e-01 8.546960000000000113e-01
3.765394000000000241e-01 8.546960000000000113e-01
3.773117000000000276e-01 8.590050000000000185e-01
3.773117000000000276e-01 8.590050000000000185e-01
3.914715999999999752e-01 8.687346999999999708e-01
3.993034999999999779e-01 8.857760000000000078e-01
4.054220000000000046e-01 9.024286000000000252e-01
4.054220000000000046e-01 9.024286000000000252e-01
4.054220000000000046e-01 9.024286000000000252e-01
3.973477000000000259e-01 9.007399000000000377e-01
3.851812000000000014e-01 9.195159000000000526e-01
3.851812000000000014e-01 9.195159000000000526e-01
3.820823999999999887e-01 8.965336000000000416e-01
3.813352999999999882e-01 8.968477999999999728e-01
3.792846000000000273e-01 8.943478999999999735e-01
3.799995999999999929e-01 8.974100000000000410e-01
3.799995999999999929e-01 8.974100000000000410e-01
3.654412000000000216e-01 9.088831000000000548e-01
3.787267000000000272e-01 8.902955000000000174e-01
3.787267000000000272e-01 8.902955000000000174e-01
3.744638000000000133e-01 8.890164000000000399e-01
3.705166999999999766e-01 8.687432999999999961e-01
3.767813999999999885e-01 8.705937000000000259e-01
3.767813999999999885e-01 8.705937000000000259e-01
3.652272999999999770e-01 8.564195999999999476e-01
3.652272999999999770e-01 8.564195999999999476e-01
3.607048999999999950e-01 8.536764999999999493e-01
3.608686999999999867e-01 8.485829000000000288e-01
3.483519999999999950e-01 8.353218999999999506e-01
3.497862999999999944e-01 8.357179000000000135e-01
3.578259999999999774e-01 8.295432999999999835e-01
3.635491000000000139e-01 8.230815000000000214e-01
3.671647000000000105e-01 8.148307000000000189e-01
3.663680999999999743e-01 8.186257999999999591e-01
3.675299000000000205e-01 8.135388999999999537e-01
3.529144000000000170e-01 8.184415000000000440e-01
3.529144000000000170e-01 8.184415000000000440e-01
3.424188000000000232e-01 7.958865999999999996e-01
3.497587999999999808e-01 7.938070999999999877e-01
3.487738000000000227e-01 8.383074000000000359e-01
3.466984000000000177e-01 8.131481999999999877e-01
3.309768000000000154e-01 8.003034999999999455e-01
3.295962000000000058e-01 8.005563999999999458e-01
3.295962000000000058e-01 8.005563999999999458e-01
3.311055999999999999e-01 7.838678000000000035e-01
3.311055999999999999e-01 7.838678000000000035e-01
3.311055999999999999e-01 7.838678000000000035e-01
3.247918000000000194e-01 7.832052000000000458e-01
3.247918000000000194e-01 7.832052000000000458e-01
3.345283000000000007e-01 7.706768000000000507e-01
3.345283000000000007e-01 7.706768000000000507e-01
3.232752999999999877e-01 7.689983000000000235e-01
3.314283000000000090e-01 7.874090999999999729e-01
3.250479000000000007e-01 7.980677999999999939e-01
3.215309000000000084e-01 7.857712999999999504e-01
3.174695000000000156e-01 7.628213000000000354e-01
3.198482999999999743e-01 7.772539000000000531e-01
3.237010000000000165e-01 7.909469000000000083e-01
3.237010000000000165e-01 7.909469000000000083e-01
3.438683000000000156e-01 8.234631999999999508e-01
3.408530000000000171e-01 8.069199999999999706e-01
3.466984000000000177e-01 8.082013000000000114e-01
3.466984000000000177e-01 8.082013000000000114e-01
3.466984000000000177e-01 8.082013000000000114e-01
3.422115000000000018e-01 8.110152000000000472e-01
3.318412000000000028e-01 8.226472999999999702e-01
3.248516000000000181e-01 8.200018000000000029e-01
3.505970999999999949e-01 8.384804000000000146e-01
3.537583999999999729e-01 8.370514999999999484e-01
3.540970999999999980e-01 8.414399000000000184e-01
3.679078000000000070e-01 8.300212999999999619e-01
3.446103999999999834e-01 8.346852999999999634e-01
3.596994000000000025e-01 8.486614999999999576e-01
3.781347999999999931e-01 8.842086999999999586e-01
3.679799000000000264e-01 8.836108999999999769e-01
3.820584000000000202e-01 8.807492999999999572e-01
3.810293000000000152e-01 8.851672999999999902e-01
3.819140999999999786e-01 8.920506999999999742e-01
3.707910999999999846e-01 8.827804000000000206e-01
3.751826999999999801e-01 8.876034000000000423e-01
3.751826999999999801e-01 8.876034000000000423e-01
3.751826999999999801e-01 8.876034000000000423e-01
3.846486000000000072e-01 8.870381999999999989e-01
3.710423999999999944e-01 8.976712000000000025e-01
3.753001999999999727e-01 9.076060000000000239e-01
3.768256999999999857e-01 9.074767999999999724e-01
3.972798000000000163e-01 8.982554999999999845e-01
3.972798000000000163e-01 8.982554999999999845e-01
4.113993000000000233e-01 9.187085000000000390e-01
4.054347999999999841e-01 9.240156000000000480e-01
4.054347999999999841e-01 9.240156000000000480e-01
3.875732000000000066e-01 9.177239999999999842e-01
3.863100999999999896e-01 9.221525000000000416e-01
3.863100999999999896e-01 9.221525000000000416e-01
3.863100999999999896e-01 9.221525000000000416e-01
3.756533000000000233e-01 9.221397000000000066e-01
3.795215000000000116e-01 9.301234000000000446e-01
3.752559999999999785e-01 9.308381000000000016e-01
3.752559999999999785e-01 9.308381000000000016e-01
3.752559999999999785e-01 9.308381000000000016e-01
3.879552000000000000e-01 9.133103000000000193e-01
4.011976999999999904e-01 9.184470999999999608e-01
3.921313000000000160e-01 9.073780000000000179e-01
3.818059999999999787e-01 9.067212000000000049e-01
3.818059999999999787e-01 9.067212000000000049e-01
3.749528999999999779e-01 9.111966000000000232e-01
3.749528999999999779e-01 9.111966000000000232e-01
3.749528999999999779e-01 9.111966000000000232e-01
3.849874999999999825e-01 9.301793000000000422e-01
3.849874999999999825e-01 9.301793000000000422e-01
3.830734000000000083e-01 9.334533000000000413e-01
3.881848999999999994e-01 9.363797000000000370e-01
4.124593999999999760e-01 9.414249999999999563e-01
4.124593999999999760e-01 9.414249999999999563e-01
4.051316999999999835e-01 9.459054999999999547e-01
4.028759000000000090e-01 9.422306999999999766e-01
4.033868999999999927e-01 9.425875999999999699e-01
4.033868999999999927e-01 9.425875999999999699e-01
4.286179999999999990e-01 9.677866999999999997e-01
4.286179999999999990e-01 9.677866999999999997e-01
4.279244999999999854e-01 9.657175999999999538e-01
4.279244999999999854e-01 9.657175999999999538e-01
4.092725999999999864e-01 9.729936999999999614e-01
4.092725999999999864e-01 9.729936999999999614e-01
4.092725999999999864e-01 9.729936999999999614e-01
4.092725999999999864e-01 9.729936999999999614e-01
4.098788999999999905e-01 9.610400999999999527e-01
4.009061999999999903e-01 9.347134999999999749e-01
3.882785000000000264e-01 9.052476000000000411e-01
3.825111999999999957e-01 9.127184000000000408e-01
3.802528000000000019e-01 9.143809999999999993e-01
3.805123999999999729e-01 9.143535000000000412e-01
3.805123999999999729e-01 9.143535000000000412e-01
3.805123999999999729e-01 9.143535000000000412e-01
3.825624000000000247e-01 9.143004999999999605e-01
3.859004999999999797e-01 9.231618999999999797e-01
3.676724000000000103e-01 8.915973999999999844e-01
3.707627000000000006e-01 8.945243999999999973e-01
3.663622999999999741e-01 8.909715999999999747e-01
3.855879999999999863e-01 9.175109999999999655e-01
3.855879999999999863e-01 9.175109999999999655e-01
3.798146000000000022e-01 8.992445000000000022e-01
3.735216000000000092e-01 8.715916999999999693e-01
3.732944999999999736e-01 8.658905000000000074e-01
3.610193999999999903e-01 8.489459000000000310e-01
3.454086000000000101e-01 8.501950000000000340e-01
3.414240000000000053e-01 8.530915999999999499e-01
3.414240000000000053e-01 8.530915999999999499e-01
3.377393000000000201e-01 8.590141999999999500e-01
3.452065999999999746e-01 8.727962000000000220e-01
3.618996999999999908e-01 8.866446000000000049e-01
3.694297999999999749e-01 8.783910999999999802e-01
3.649042000000000119e-01 8.704488000000000225e-01
3.649042000000000119e-01 8.704488000000000225e-01
3.577930999999999750e-01 8.545589000000000102e-01
3.536213999999999746e-01 8.784018999999999577e-01
3.513955999999999746e-01 8.899673999999999641e-01
3.513955999999999746e-01 8.899673999999999641e-01
3.513955999999999746e-01 8.899673999999999641e-01
3.562805000000000000e-01 8.888004999999999933e-01
3.534878000000000187e-01 8.885136000000000145e-01
3.610079999999999956e-01 8.900626999999999844e-01
3.610079999999999956e-01 8.900626999999999844e-01
3.863276999999999961e-01 8.937127000000000265e-01
3.756264000000000269e-01 9.026534999999999975e-01
3.800625999999999727e-01 9.063485999999999487e-01
3.800625999999999727e-01 9.063485999999999487e-01
3.729696000000000122e-01 9.034661999999999971e-01
3.693851000000000218e-01 8.931959000000000426e-01
3.668339999999999934e-01 8.909002000000000310e-01
3.668339999999999934e-01 8.909002000000000310e-01
3.668339999999999934e-01 8.909002000000000310e-01
3.607176999999999745e-01 8.925159999999999760e-01
3.574127000000000276e-01 8.883092000000000210e-01
3.588580000000000103e-01 8.856549999999999701e-01
3.588580000000000103e-01 8.856549999999999701e-01
3.941157000000000132e-01 8.763041999999999776e-01
3.945153000000000132e-01 8.762282000000000126e-01
3.945514999999999994e-01 8.806382999999999850e-01
3.912254000000000009e-01 8.821723999999999677e-01
3.889968999999999788e-01 8.853450999999999960e-01
3.905601000000000211e-01 8.832942999999999767e-01
3.905598000000000125e-01 8.801953000000000138e-01
3.723751000000000144e-01 8.594992000000000187e-01
3.726238000000000050e-01 8.608516999999999975e-01
3.637484999999999746e-01 8.642362000000000100e-01
3.518323999999999896e-01 8.794136000000000175e-01
3.518323999999999896e-01 8.794136000000000175e-01
3.766694999999999904e-01 8.625361999999999751e-01
3.713567999999999869e-01 8.727956000000000047e-01
3.713567999999999869e-01 8.727956000000000047e-01
3.711907999999999874e-01 8.779069000000000456e-01
3.612453999999999943e-01 8.803714999999999735e-01
3.612453999999999943e-01 8.803714999999999735e-01
3.789748000000000006e-01 9.030141999999999891e-01
3.789748000000000006e-01 9.030141999999999891e-01
3.975159999999999805e-01 9.016657999999999618e-01
3.955849000000000171e-01 9.017015999999999920e-01
3.970399000000000012e-01 9.106433999999999918e-01
3.956928000000000112e-01 9.101662000000000363e-01
3.968455000000000177e-01 9.071344000000000074e-01
3.945208000000000048e-01 9.061641000000000279e-01
3.883811999999999820e-01 9.050802000000000014e-01
3.701388999999999929e-01 9.051679999999999726e-01
3.650033999999999779e-01 9.211426000000000336e-01
3.763381000000000087e-01 9.028815999999999509e-01
3.804555000000000020e-01 9.200386999999999871e-01
3.869041999999999759e-01 9.053012999999999755e-01
3.869041999999999759e-01 9.053012999999999755e-01
3.921550999999999787e-01 9.004162999999999473e-01
3.850407000000000135e-01 8.993113000000000357e-01
3.839868000000000170e-01 8.927408000000000010e-01
3.824153000000000135e-01 8.918198000000000514e-01
3.824153000000000135e-01 8.918198000000000514e-01
3.824153000000000135e-01 8.918198000000000514e-01
3.824153000000000135e-01 8.918198000000000514e-01
3.753939000000000026e-01 8.695083999999999591e-01
3.753939000000000026e-01 8.695083999999999591e-01
3.795529999999999737e-01 8.706289000000000389e-01
3.699785999999999908e-01 8.704127999999999865e-01
3.807169000000000247e-01 8.781174999999999953e-01
3.769890000000000185e-01 8.935948000000000224e-01
3.687002999999999808e-01 8.898093999999999726e-01
3.670131999999999839e-01 8.885910000000000197e-01
3.464613999999999749e-01 8.684568999999999761e-01
3.348057999999999867e-01 8.597251999999999672e-01
3.343706000000000178e-01 8.582505999999999746e-01
3.432119000000000142e-01 8.537749000000000033e-01
3.432119000000000142e-01 8.537749000000000033e-01
3.490142999999999995e-01 8.410876000000000463e-01
3.397980999999999918e-01 8.185200000000000253e-01
3.347691999999999890e-01 8.121667999999999665e-01
3.557852000000000237e-01 8.336904000000000536e-01
3.621832999999999858e-01 8.554880000000000262e-01
3.770092999999999916e-01 8.678038000000000141e-01
3.800276000000000209e-01 8.689753999999999534e-01
3.800276000000000209e-01 8.689753999999999534e-01
3.827724000000000126e-01 8.659128000000000380e-01
3.902578999999999909e-01 8.614188999999999874e-01
3.757163000000000030e-01 8.412095000000000544e-01
3.757163000000000030e-01 8.412095000000000544e-01
3.500621999999999900e-01 8.357086999999999710e-01
3.464714999999999878e-01 8.253141000000000504e-01
3.378083000000000058e-01 8.167486999999999941e-01
3.561982000000000204e-01 8.207071999999999701e-01
3.554197000000000051e-01 8.190403000000000544e-01
3.397098000000000062e-01 8.178801999999999461e-01
3.335498000000000074e-01 8.154801000000000410e-01
3.303712999999999789e-01 8.205299000000000342e-01
3.302108000000000265e-01 8.189880999999999966e-01
3.127788000000000235e-01 8.101648000000000183e-01
3.093428999999999762e-01 8.032610000000000028e-01
3.093428999999999762e-01 8.032610000000000028e-01
3.391798999999999786e-01 8.304747000000000101e-01
3.465976000000000057e-01 8.093251000000000195e-01
3.465976000000000057e-01 8.093251000000000195e-01
3.353795999999999999e-01 8.013641000000000236e-01
3.439862000000000197e-01 8.054618000000000055e-01
3.345669000000000004e-01 8.012335999999999903e-01
3.471888000000000196e-01 8.031886000000000303e-01
3.471888000000000196e-01 8.031886000000000303e-01
3.471888000000000196e-01 8.031886000000000303e-01
3.533241999999999772e-01 8.039077000000000028e-01
3.503024000000000138e-01 8.358984000000000414e-01
3.562501000000000140e-01 8.392549000000000259e-01
3.568352000000000190e-01 8.400651000000000090e-01
3.501171000000000144e-01 8.279294000000000375e-01
3.433269999999999933e-01 8.331247000000000513e-01
3.433269999999999933e-01 8.331247000000000513e-01
3.433269999999999933e-01 8.331247000000000513e-01
3.433269999999999933e-01 8.331247000000000513e-01
3.342713999999999963e-01 8.455561000000000327e-01
3.373622000000000010e-01 8.383059000000000482e-01
3.365263000000000004e-01 8.382190999999999947e-01
3.392461999999999978e-01 8.370339999999999447e-01
3.392461999999999978e-01 8.370339999999999447e-01
3.423436000000000257e-01 8.449993999999999561e-01
3.525271999999999850e-01 8.507177999999999685e-01
3.525271999999999850e-01 8.507177999999999685e-01
3.462206999999999923e-01 8.493251000000000550e-01
3.462206999999999923e-01 8.493251000000000550e-01
3.348221000000000114e-01 8.439712999999999798e-01
3.528493999999999797e-01 8.427552000000000376e-01
3.589243999999999768e-01 8.690744000000000247e-01
3.633300999999999892e-01 8.476578000000000168e-01
3.671732999999999802e-01 8.599696000000000007e-01
3.474725000000000175e-01 8.745878000000000263e-01
3.670210999999999890e-01 8.703511000000000442e-01
3.702610000000000068e-01 9.086370999999999754e-01
3.749259999999999815e-01 8.989333999999999936e-01
3.650480999999999865e-01 8.980871999999999744e-01
3.550814999999999944e-01 8.785530999999999757e-01
3.550814999999999944e-01 8.785530999999999757e-01
3.572848000000000135e-01 8.513416000000000317e-01
3.456466000000000260e-01 8.290243999999999946e-01
3.318864000000000258e-01 8.276731999999999978e-01
3.318864000000000258e-01 8.276731999999999978e-01
3.190204999999999846e-01 8.230876999999999777e-01
3.322391000000000094e-01 8.439607999999999555e-01
3.322391000000000094e-01 8.439607999999999555e-01
3.322391000000000094e-01 8.439607999999999555e-01
3.261410000000000142e-01 8.340805000000000025e-01
3.270509999999999806e-01 8.354797999999999947e-01
3.343092999999999759e-01 8.184126000000000456e-01
3.343092999999999759e-01 8.184126000000000456e-01
3.397044000000000175e-01 8.322538000000000435e-01
3.405379000000000045e-01 8.347550999999999721e-01
3.306803999999999855e-01 8.370765999999999485e-01
3.284760999999999931e-01 8.383969000000000005e-01
3.475634000000000223e-01 8.115544999999999565e-01
3.452639000000000125e-01 8.186771999999999938e-01
3.453901999999999806e-01 8.189130000000000020e-01
3.701353000000000004e-01 8.275006999999999779e-01
3.698691000000000062e-01 8.271212000000000009e-01
3.791194999999999982e-01 8.422393999999999714e-01
3.791194999999999982e-01 8.422393999999999714e-01
3.778017000000000181e-01 8.498630999999999824e-01
3.737976000000000076e-01 8.232916000000000123e-01
3.734675000000000078e-01 8.268181000000000003e-01
3.731415000000000148e-01 8.272943999999999853e-01
3.728490999999999889e-01 8.380374000000000434e-01
3.741686000000000178e-01 8.419052000000000202e-01
3.741686000000000178e-01 8.419052000000000202e-01
3.741686000000000178e-01 8.419052000000000202e-01
3.741686000000000178e-01 8.419052000000000202e-01
3.686309999999999865e-01 8.445473999999999482e-01
3.686309999999999865e-01 8.445473999999999482e-01
3.707326000000000232e-01 8.613741000000000314e-01
3.707326000000000232e-01 8.613741000000000314e-01
3.803174000000000277e-01 8.682862000000000080e-01
3.772554000000000185e-01 8.723642000000000341e-01
3.772554000000000185e-01 8.723642000000000341e-01
3.826540999999999970e-01 8.788219999999999921e-01
3.856175000000000019e-01 8.659748999999999919e-01
3.856175000000000019e-01 8.659748999999999919e-01
3.856175000000000019e-01 8.659748999999999919e-01
3.862404999999999866e-01 8.661664999999999504e-01
3.862404999999999866e-01 8.661664999999999504e-01
3.862404999999999866e-01 8.661664999999999504e-01
3.865799999999999792e-01 8.650381000000000320e-01
3.883395000000000041e-01 8.474336999999999565e-01
3.903461999999999765e-01 8.510737999999999914e-01
3.907706000000000235e-01 8.533258999999999705e-01
3.907706000000000235e-01 8.533258999999999705e-01
3.907706000000000235e-01 8.533258999999999705e-01
3.885991999999999780e-01 8.531398000000000037e-01
3.933073000000000263e-01 8.643201999999999829e-01
3.815298999999999774e-01 8.568453000000000319e-01
3.691281000000000145e-01 8.492077999999999571e-01
3.522337999999999858e-01 8.513361000000000400e-01
3.501310000000000255e-01 8.445348000000000299e-01
3.501310000000000255e-01 8.445348000000000299e-01
3.376203999999999872e-01 8.504454000000000180e-01
3.355711000000000110e-01 8.488267000000000451e-01
3.515701999999999994e-01 8.514553000000000260e-01
3.524686000000000208e-01 8.260840000000000405e-01
3.420532000000000017e-01 8.151013999999999760e-01
3.457973999999999770e-01 8.152243999999999602e-01
3.470665000000000000e-01 8.164561000000000179e-01
3.470665000000000000e-01 8.164561000000000179e-01
3.518475999999999826e-01 8.213255000000000416e-01
3.418906999999999918e-01 8.072675999999999741e-01
3.345353999999999828e-01 8.264713000000000198e-01
3.345353999999999828e-01 8.264713000000000198e-01
3.551832999999999796e-01 8.137547000000000530e-01
3.644819000000000253e-01 8.096341000000000232e-01
3.432760000000000256e-01 8.057246999999999604e-01
3.458829999999999960e-01 8.158296999999999910e-01
3.341746999999999912e-01 8.289706000000000019e-01
3.342018999999999962e-01 8.306592000000000420e-01
3.539570000000000216e-01 8.232329999999999925e-01
3.536342000000000096e-01 8.240771999999999542e-01
3.554545000000000066e-01 8.409818999999999489e-01
3.554629999999999734e-01 8.409813999999999901e-01
3.507705999999999880e-01 8.276729000000000447e-01
3.567679999999999740e-01 8.346826999999999996e-01
3.567679999999999740e-01 8.346826999999999996e-01
3.540424999999999822e-01 8.636000000000000343e-01
3.536586999999999925e-01 8.637327000000000199e-01
3.599437999999999804e-01 8.592686999999999964e-01
3.611114000000000268e-01 8.564275000000000082e-01
3.666224000000000149e-01 8.703602999999999756e-01
3.710898999999999726e-01 8.550313999999999970e-01
3.671254999999999935e-01 8.544524000000000008e-01
3.671254999999999935e-01 8.544524000000000008e-01
3.614797000000000149e-01 8.566304999999999614e-01
3.651173999999999809e-01 8.612172000000000160e-01
3.555625000000000036e-01 8.536827000000000165e-01
3.555625000000000036e-01 8.536827000000000165e-01
3.726890999999999954e-01 8.555502999999999858e-01
3.707470999999999961e-01 8.902004999999999502e-01
3.529229999999999867e-01 8.818304999999999616e-01
3.529229999999999867e-01 8.818304999999999616e-01
3.744319999999999871e-01 8.682826000000000155e-01
3.609819000000000222e-01 8.249003000000000307e-01
3.609819000000000222e-01 8.249003000000000307e-01
3.274087999999999998e-01 8.378221000000000140e-01
3.360656000000000199e-01 8.353893999999999487e-01
3.345548999999999884e-01 8.360978999999999495e-01
3.374560999999999811e-01 8.346240999999999799e-01
3.374560999999999811e-01 8.346240999999999799e-01
3.374560999999999811e-01 8.346240999999999799e-01
3.334177999999999864e-01 8.405057999999999696e-01
3.334177999999999864e-01 8.405057999999999696e-01
3.308397000000000143e-01 8.319946999999999759e-01
3.308397000000000143e-01 8.319946999999999759e-01
3.027571000000000012e-01 7.973860999999999866e-01
2.964866999999999919e-01 7.948545999999999667e-01
3.131608000000000169e-01 8.143249000000000182e-01
3.166410000000000058e-01 8.110378000000000309e-01
3.158864000000000116e-01 8.071787000000000267e-01
3.154908000000000157e-01 8.065031999999999757e-01
3.215175000000000116e-01 7.689578999999999720e-01
2.998025000000000273e-01 7.516426999999999969e-01
3.000129999999999741e-01 7.519778999999999769e-01
3.000129999999999741e-01 7.519778999999999769e-01
2.986955000000000027e-01 7.521687000000000234e-01
2.986955000000000027e-01 7.521687000000000234e-01
3.050945999999999936e-01 7.632434999999999636e-01
3.150265999999999900e-01 7.707249999999999934e-01
3.258761000000000019e-01 7.856262999999999996e-01
3.258761000000000019e-01 7.856262999999999996e-01
3.258761000000000019e-01 7.856262999999999996e-01
3.329752999999999741e-01 7.738241000000000147e-01
3.351604000000000250e-01 7.654400999999999566e-01
3.206692999999999905e-01 7.649422999999999639e-01
3.200646999999999798e-01 7.665678999999999688e-01
3.212520999999999849e-01 7.415853999999999502e-01
3.169108999999999954e-01 7.378301000000000442e-01
2.983541000000000110e-01 7.356616000000000266e-01
2.993223999999999885e-01 7.350301000000000196e-01
2.968604000000000243e-01 7.460436000000000289e-01
2.968604000000000243e-01 7.460436000000000289e-01
2.968604000000000243e-01 7.460436000000000289e-01
2.968604000000000243e-01 7.460436000000000289e-01
3.070104000000000166e-01 7.549076999999999593e-01
3.070104000000000166e-01 7.549076999999999593e-01
3.124375999999999820e-01 7.612354999999999539e-01
3.124375999999999820e-01 7.612354999999999539e-01
3.012642999999999849e-01 7.332319000000000475e-01
2.991363000000000216e-01 7.267978000000000494e-01
2.884952000000000072e-01 7.319295999999999580e-01
2.865110000000000157e-01 7.317943999999999560e-01
2.958657000000000092e-01 7.297109999999999985e-01
2.977439000000000058e-01 7.233228999999999909e-01
2.924481999999999915e-01 7.468234000000000261e-01
2.811791000000000151e-01 7.371841000000000088e-01
2.958873000000000197e-01 7.564070999999999989e-01
2.964491000000000209e-01 7.545406000000000057e-01
2.964491000000000209e-01 7.545406000000000057e-01
3.129318999999999851e-01 7.612961999999999785e-01
3.044917999999999791e-01 7.623607000000000022e-01
3.041895000000000016e-01 7.497298000000000018e-01
3.052793999999999786e-01 7.607447999999999988e-01
3.065404999999999935e-01 7.593339000000000061e-01
3.083569999999999922e-01 7.587589000000000139e-01
3.153116000000000252e-01 7.517941000000000207e-01
3.153116000000000252e-01 7.517941000000000207e-01
3.153116000000000252e-01 7.517941000000000207e-01
3.153116000000000252e-01 7.517941000000000207e-01
3.153116000000000252e-01 7.517941000000000207e-01
3.153116000000000252e-01 7.517941000000000207e-01
3.153116000000000252e-01 7.517941000000000207e-01
2.941425999999999763e-01 7.475557999999999925e-01
2.941425999999999763e-01 7.475557999999999925e-01
2.968817999999999735e-01 7.497945999999999778e-01
3.023082000000000269e-01 7.453802999999999956e-01
3.170973000000000264e-01 7.315460999999999769e-01
3.168370999999999826e-01 7.303872000000000142e-01
3.086971000000000021e-01 7.373054999999999470e-01
3.099720000000000253e-01 7.313517000000000490e-01
3.069870000000000099e-01 7.486574999999999758e-01
3.029442999999999997e-01 7.446120999999999990e-01
2.864184000000000174e-01 7.330094999999999805e-01
2.864184000000000174e-01 7.330094999999999805e-01
2.648675999999999808e-01 7.308799999999999741e-01
2.648975000000000080e-01 7.256487999999999827e-01
2.728074999999999806e-01 7.335274000000000516e-01
2.725131000000000081e-01 7.343119999999999647e-01
2.725131000000000081e-01 7.343119999999999647e-01
2.703578999999999843e-01 7.335895000000000055e-01
2.932904000000000067e-01 7.468806999999999530e-01
2.932904000000000067e-01 7.468806999999999530e-01
2.979112999999999900e-01 7.817157999999999607e-01
2.979112999999999900e-01 7.817157999999999607e-01
2.994806999999999886e-01 7.883685999999999749e-01
2.924343999999999832e-01 7.871036000000000143e-01
2.901285000000000114e-01 7.739593999999999641e-01
2.901285000000000114e-01 7.739593999999999641e-01
2.935959000000000207e-01 7.544672000000000045e-01
2.885769999999999724e-01 7.497762999999999511e-01
2.885769999999999724e-01 7.497762999999999511e-01
2.885769999999999724e-01 7.497762999999999511e-01
2.899570000000000203e-01 7.503577999999999637e-01
2.863190999999999931e-01 7.443720000000000336e-01
2.958408000000000149e-01 7.533737999999999824e-01
3.029608999999999774e-01 7.449461000000000555e-01
2.942128999999999994e-01 7.403551999999999911e-01
2.942128999999999994e-01 7.403551999999999911e-01
2.941257999999999928e-01 7.402446999999999777e-01
2.941257999999999928e-01 7.402446999999999777e-01
2.997981000000000118e-01 7.296253000000000322e-01
2.995092999999999783e-01 7.237696999999999603e-01
2.939360999999999779e-01 7.278540000000000010e-01
3.095126999999999740e-01 7.432672000000000168e-01
3.095126999999999740e-01 7.432672000000000168e-01
3.128290000000000237e-01 7.414306999999999981e-01
3.101468000000000003e-01 7.361997999999999598e-01
3.101468000000000003e-01 7.361997999999999598e-01
3.160410000000000164e-01 7.364233999999999503e-01
3.192241000000000106e-01 7.303608000000000322e-01
3.229009999999999936e-01 7.353979999999999961e-01
3.229009999999999936e-01 7.353979999999999961e-01
3.288014000000000214e-01 7.278947999999999530e-01
3.203836999999999935e-01 7.233138999999999541e-01
3.211861999999999773e-01 7.255055999999999727e-01
3.211861999999999773e-01 7.255055999999999727e-01
3.072219999999999951e-01 7.245525999999999911e-01
3.057176999999999811e-01 7.231817000000000384e-01
3.057176999999999811e-01 7.231817000000000384e-01
2.813318000000000207e-01 7.083078999999999903e-01
2.779305000000000248e-01 7.078174000000000410e-01
2.779305000000000248e-01 7.078174000000000410e-01
2.764983999999999775e-01 7.062378000000000267e-01
2.764983999999999775e-01 7.062378000000000267e-01
2.763250999999999902e-01 7.387192999999999676e-01
2.833747999999999823e-01 7.560354999999999714e-01
2.833747999999999823e-01 7.560354999999999714e-01
2.941071000000000102e-01 7.535058999999999507e-01
2.990273999999999988e-01 7.450567999999999635e-01
2.990273999999999988e-01 7.450567999999999635e-01
2.823887999999999954e-01 7.325302999999999676e-01
2.820882000000000112e-01 7.431811000000000389e-01
2.735234000000000276e-01 7.374536000000000424e-01
2.735234000000000276e-01 7.374536000000000424e-01
2.735234000000000276e-01 7.374536000000000424e-01
2.775671000000000110e-01 7.363916999999999824e-01
2.935338000000000114e-01 7.374454000000000287e-01
2.935338000000000114e-01 7.374454000000000287e-01
2.936239999999999961e-01 7.398860999999999910e-01
3.003376999999999852e-01 7.244298999999999600e-01
3.006622999999999934e-01 7.205859999999999488e-01
3.082217999999999902e-01 7.218714000000000519e-01
3.082217999999999902e-01 7.218714000000000519e-01
3.082217999999999902e-01 7.218714000000000519e-01
3.061289999999999845e-01 7.316993000000000524e-01
3.039237000000000188e-01 7.390679999999999472e-01
3.039237000000000188e-01 7.390679999999999472e-01
3.025236000000000036e-01 7.532573000000000185e-01
3.249413999999999914e-01 7.697241999999999695e-01
3.245757000000000225e-01 7.699196999999999846e-01
3.089648999999999868e-01 7.637534000000000267e-01
3.089648999999999868e-01 7.637534000000000267e-01
3.089648999999999868e-01 7.637534000000000267e-01
3.090559999999999974e-01 7.638241999999999532e-01
3.199975999999999932e-01 7.635899000000000436e-01
3.095013999999999821e-01 7.670348000000000166e-01
3.075853000000000059e-01 7.759222000000000063e-01
3.075853000000000059e-01 7.759222000000000063e-01
3.262201000000000128e-01 7.787665000000000282e-01
3.224608999999999948e-01 7.741244999999999932e-01
3.224608999999999948e-01 7.741244999999999932e-01
3.278070000000000150e-01 7.798131000000000368e-01
3.219507999999999814e-01 7.662632000000000332e-01
2.917096000000000133e-01 7.532413000000000025e-01
3.250311000000000172e-01 7.610926999999999554e-01
3.211703000000000197e-01 7.580109999999999904e-01
3.283117999999999870e-01 7.482607999999999482e-01
3.250528999999999780e-01 7.496224000000000220e-01
2.974505000000000066e-01 7.558643999999999918e-01
2.978327000000000058e-01 7.566108000000000278e-01
2.994449000000000138e-01 7.559888999999999637e-01
3.374479000000000228e-01 8.021694999999999798e-01
3.218068000000000040e-01 8.011728000000000183e-01
3.171696999999999989e-01 8.051903999999999728e-01
3.171696999999999989e-01 8.051903999999999728e-01
3.326617000000000046e-01 8.078916999999999904e-01
3.530012000000000150e-01 8.131062000000000012e-01
3.530012000000000150e-01 8.131062000000000012e-01
3.444189999999999752e-01 8.000089000000000228e-01
3.444189999999999752e-01 8.000089000000000228e-01
3.453967000000000009e-01 8.004885999999999946e-01
3.402011999999999814e-01 8.016054000000000235e-01
3.167582999999999926e-01 7.650618000000000141e-01
3.167582999999999926e-01 7.650618000000000141e-01
3.167582999999999926e-01 7.650618000000000141e-01
3.265415999999999874e-01 7.600023000000000195e-01
3.265415999999999874e-01 7.600023000000000195e-01
3.265415999999999874e-01 7.600023000000000195e-01
3.323464999999999892e-01 7.483994000000000479e-01
3.390644999999999909e-01 7.634083000000000396e-01
3.099351000000000189e-01 7.734779999999999989e-01
3.089864999999999973e-01 7.794579999999999842e-01
3.097184000000000048e-01 7.802603000000000177e-01
3.111475000000000213e-01 7.787766999999999884e-01
3.048860999999999932e-01 7.782586000000000226e-01
2.995510000000000117e-01 7.630093000000000014e-01
3.055946999999999969e-01 7.609835999999999823e-01
3.018913999999999764e-01 7.622286000000000339e-01
3.014695000000000014e-01 7.624967999999999746e-01
2.973336999999999786e-01 7.562680000000000513e-01
2.974636999999999976e-01 7.562900000000000178e-01
2.954837000000000158e-01 7.410042000000000018e-01
2.954837000000000158e-01 7.410042000000000018e-01
2.954837000000000158e-01 7.410042000000000018e-01
3.031604999999999994e-01 7.324574000000000362e-01
2.998477999999999977e-01 7.372300000000000519e-01
2.993593999999999977e-01 7.388590999999999909e-01
2.953122000000000247e-01 7.360316999999999554e-01
2.953122000000000247e-01 7.360316999999999554e-01
2.953122000000000247e-01 7.360316999999999554e-01
2.953122000000000247e-01 7.360316999999999554e-01
2.893299999999999761e-01 7.327668000000000514e-01
3.046280000000000099e-01 7.261562999999999768e-01
3.010826999999999809e-01 7.239562000000000497e-01
2.972084999999999866e-01 7.299698000000000020e-01
2.970728000000000257e-01 7.354378999999999778e-01
2.911437000000000053e-01 7.313661999999999663e-01
3.044342999999999910e-01 7.322364000000000095e-01
2.912147999999999959e-01 7.346694000000000280e-01
2.902569999999999872e-01 7.356173999999999769e-01
2.794597999999999804e-01 7.308040999999999565e-01
3.052824000000000093e-01 7.333220999999999767e-01
2.986182000000000003e-01 7.362642000000000353e-01
2.903851000000000071e-01 7.610080999999999651e-01
2.872155000000000125e-01 7.625999999999999446e-01
2.931915999999999967e-01 7.703419000000000239e-01
2.876813999999999760e-01 7.771310999999999636e-01
2.908074999999999966e-01 7.677737000000000034e-01
2.802900999999999865e-01 7.591506999999999561e-01
2.802900999999999865e-01 7.591506999999999561e-01
2.802900999999999865e-01 7.591506999999999561e-01
3.118561000000000250e-01 7.845617000000000285e-01
3.118561000000000250e-01 7.845617000000000285e-01
3.095959999999999823e-01 7.822297000000000278e-01
3.095959999999999823e-01 7.822297000000000278e-01
3.079213000000000089e-01 7.814761999999999542e-01
3.044977999999999851e-01 7.823723999999999679e-01
2.980882000000000254e-01 7.744558999999999749e-01
2.980882000000000254e-01 7.744558999999999749e-01
2.957189000000000068e-01 7.688639000000000445e-01
2.957189000000000068e-01 7.688639000000000445e-01
3.010620999999999992e-01 7.834784999999999666e-01
3.010620999999999992e-01 7.834784999999999666e-01
3.005489000000000077e-01 7.809629000000000154e-01
3.114261999999999864e-01 7.777621000000000118e-01
3.114261999999999864e-01 7.777621000000000118e-01
3.060888999999999971e-01 7.779325000000000268e-01
3.071892999999999985e-01 7.785151000000000154e-01
3.071892999999999985e-01 7.785151000000000154e-01
3.177299000000000095e-01 7.707694000000000489e-01
3.177299000000000095e-01 7.707694000000000489e-01
2.990167000000000241e-01 7.569034000000000040e-01
3.025675999999999921e-01 7.553197999999999857e-01
3.025675999999999921e-01 7.553197999999999857e-01
3.032443000000000222e-01 7.534524999999999695e-01
3.030457999999999763e-01 7.536840999999999680e-01
3.030457999999999763e-01 7.536840999999999680e-01
2.879150999999999794e-01 7.415545000000000053e-01
2.912533999999999956e-01 7.289419999999999789e-01
2.890317000000000025e-01 7.338333000000000217e-01
2.890317000000000025e-01 7.338333000000000217e-01
2.748983999999999872e-01 7.329596000000000444e-01
2.862930000000000197e-01 7.421189999999999731e-01
2.862930000000000197e-01 7.421189999999999731e-01
2.840658999999999823e-01 7.313806000000000473e-01
2.921858999999999984e-01 7.547783999999999605e-01
2.924168999999999796e-01 7.557251000000000385e-01
2.914740000000000109e-01 7.504735000000000156e-01
2.914740000000000109e-01 7.504735000000000156e-01
2.933113999999999999e-01 7.570940000000000447e-01
3.177556000000000269e-01 7.635216999999999699e-01
3.206757000000000080e-01 7.635712000000000055e-01
3.137465999999999866e-01 7.729378999999999555e-01
3.272304999999999797e-01 7.856659000000000281e-01
3.158713000000000215e-01 7.939302000000000303e-01
3.151418999999999748e-01 7.969123999999999652e-01
2.877853000000000216e-01 7.657355000000000134e-01
2.996212999999999793e-01 7.662584000000000062e-01
2.996212999999999793e-01 7.662584000000000062e-01
2.999259000000000230e-01 7.601451000000000180e-01
2.999259000000000230e-01 7.601451000000000180e-01
3.012341000000000046e-01 7.421140000000000514e-01
3.012341000000000046e-01 7.421140000000000514e-01
3.012341000000000046e-01 7.421140000000000514e-01
3.095796000000000103e-01 7.429751999999999468e-01
3.099928000000000128e-01 7.433587000000000389e-01
3.165576999999999974e-01 7.561558000000000446e-01
3.165576999999999974e-01 7.561558000000000446e-01
3.165576999999999974e-01 7.561558000000000446e-01
3.155163000000000273e-01 7.565412000000000248e-01
3.278793999999999875e-01 7.678882999999999681e-01
3.195004000000000177e-01 7.670149000000000550e-01
3.348152999999999824e-01 7.985710000000000308e-01
3.300854999999999762e-01 7.962103999999999848e-01
3.255725999999999898e-01 7.839606999999999548e-01
3.261721000000000203e-01 7.923204999999999831e-01
3.261721000000000203e-01 7.923204999999999831e-01
3.347787999999999875e-01 7.923809000000000546e-01
3.347787999999999875e-01 7.923809000000000546e-01
3.344508999999999954e-01 7.927855999999999792e-01
3.297817000000000109e-01 7.979751000000000483e-01
3.297817000000000109e-01 7.979751000000000483e-01
3.283904000000000267e-01 7.916096000000000243e-01
3.283904000000000267e-01 7.916096000000000243e-01
3.271740000000000204e-01 7.750506000000000340e-01
3.347183000000000241e-01 7.889663999999999566e-01
3.274768000000000123e-01 8.040732999999999908e-01
3.594979999999999842e-01 8.256561000000000039e-01
3.612353999999999843e-01 8.265858999999999845e-01
3.621407999999999849e-01 8.381340000000000456e-01
3.573148999999999909e-01 8.313401000000000263e-01
3.572983000000000131e-01 8.289973999999999954e-01
3.372785999999999840e-01 8.390410000000000368e-01
3.378937000000000190e-01 8.382330000000000059e-01
3.378937000000000190e-01 8.382330000000000059e-01
3.381090999999999958e-01 8.389626999999999502e-01
3.381090999999999958e-01 8.389626999999999502e-01
3.348799000000000081e-01 8.117824999999999624e-01
3.278596999999999761e-01 7.877475999999999923e-01
3.065509000000000150e-01 7.826849999999999641e-01
3.070364999999999900e-01 7.731985000000000108e-01
3.070364999999999900e-01 7.731985000000000108e-01
2.983643999999999741e-01 7.655948000000000198e-01
2.983643999999999741e-01 7.655948000000000198e-01
2.946235999999999855e-01 7.635488000000000275e-01
2.946235999999999855e-01 7.635488000000000275e-01
3.085666000000000242e-01 7.813750999999999891e-01
3.066885999999999779e-01 7.831960000000000033e-01
3.066885999999999779e-01 7.831960000000000033e-01
3.136313000000000017e-01 7.853993999999999698e-01
3.249207000000000067e-01 7.947362999999999511e-01
3.207232999999999890e-01 7.964662000000000130e-01
3.237979000000000274e-01 8.062557999999999669e-01
3.126439999999999775e-01 7.861162999999999901e-01
3.162189999999999723e-01 7.994993000000000238e-01
3.213840000000000030e-01 8.288562000000000429e-01
3.213840000000000030e-01 8.288562000000000429e-01
3.075709999999999833e-01 8.191810000000000480e-01
