# omega_M , omega_L
2.321854999999999891e-01 7.732552000000000314e-01
2.320711000000000024e-01 7.712687999999999766e-01
2.359746000000000066e-01 7.678251000000000381e-01
2.211480000000000112e-01 7.753221000000000140e-01
2.231225000000000014e-01 7.694130000000000136e-01
2.235805999999999905e-01 7.878020000000000023e-01
2.240099999999999869e-01 7.867414999999999825e-01
2.223996000000000028e-01 7.886644000000000432e-01
2.249910999999999994e-01 7.875273000000000412e-01
2.260762000000000049e-01 7.901462999999999681e-01
2.240779999999999994e-01 7.941527999999999921e-01
2.265536999999999968e-01 7.921276000000000428e-01
2.189246999999999999e-01 7.981435000000000057e-01
2.218260999999999983e-01 7.922590000000000465e-01
2.277357000000000131e-01 7.958085000000000298e-01
2.222335000000000005e-01 8.026752999999999805e-01
2.226498000000000088e-01 7.991321999999999592e-01
2.226498000000000088e-01 7.991321999999999592e-01
2.235998999999999903e-01 7.990515000000000256e-01
2.201758000000000048e-01 7.970871999999999957e-01
2.096855999999999998e-01 8.042194000000000287e-01
2.084847999999999979e-01 8.047109000000000067e-01
2.066747999999999919e-01 8.151886000000000410e-01
2.078973000000000071e-01 8.094320000000000404e-01
2.106493999999999867e-01 8.057140999999999886e-01
2.183553000000000022e-01 7.920137999999999900e-01
2.306140999999999885e-01 8.004253999999999536e-01
2.295772000000000090e-01 7.995978000000000252e-01
2.295772000000000090e-01 7.995978000000000252e-01
2.219677999999999929e-01 7.948007000000000266e-01
2.466906000000000099e-01 7.990578999999999876e-01
2.466906000000000099e-01 7.990578999999999876e-01
2.466906000000000099e-01 7.990578999999999876e-01
2.426850000000000118e-01 7.985788000000000331e-01
2.540370000000000128e-01 7.840654999999999708e-01
2.432235000000000091e-01 7.857762999999999831e-01
2.384805000000000119e-01 7.830909000000000342e-01
2.384805000000000119e-01 7.830909000000000342e-01
2.384834000000000120e-01 7.830935999999999453e-01
2.400403999999999871e-01 7.873944999999999972e-01
2.316319000000000017e-01 7.816697000000000228e-01
2.426268000000000036e-01 8.009005999999999625e-01
2.430416999999999994e-01 8.006155999999999828e-01
2.464898000000000089e-01 8.011165000000000092e-01
2.464898000000000089e-01 8.011165000000000092e-01
2.478654999999999886e-01 8.055723000000000189e-01
2.460441999999999907e-01 8.058456000000000508e-01
2.452019000000000004e-01 8.048520000000000119e-01
2.453314000000000050e-01 8.023999000000000548e-01
2.572324000000000277e-01 8.140695999999999488e-01
2.579359999999999986e-01 8.129642000000000257e-01
2.632430000000000048e-01 7.967345000000000121e-01
2.781259999999999843e-01 7.953170000000000517e-01
2.781457999999999986e-01 7.948129000000000444e-01
2.784994000000000081e-01 7.946471999999999980e-01
2.784994000000000081e-01 7.946471999999999980e-01
2.884086000000000150e-01 7.898091000000000417e-01
2.821232000000000184e-01 7.886353999999999864e-01
2.821232000000000184e-01 7.886353999999999864e-01
2.744699999999999918e-01 7.898418000000000383e-01
2.761975999999999876e-01 7.905476999999999643e-01
2.582008000000000081e-01 7.830660000000000398e-01
2.609518000000000115e-01 7.742679000000000089e-01
2.584354999999999847e-01 7.700379000000000529e-01
2.419837999999999989e-01 7.568055000000000199e-01
2.477174000000000043e-01 7.595220999999999778e-01
2.507707000000000130e-01 7.663465000000000416e-01
2.497493000000000074e-01 7.674256000000000411e-01
2.507817999999999992e-01 7.652421999999999835e-01
2.494670999999999972e-01 7.631647999999999765e-01
2.403016000000000041e-01 7.608327999999999758e-01
2.403016000000000041e-01 7.608327999999999758e-01
2.355123000000000077e-01 7.613178000000000445e-01
2.357693999999999901e-01 7.612018999999999869e-01
2.357693999999999901e-01 7.612018999999999869e-01
2.422478999999999882e-01 7.573794000000000359e-01
2.308060000000000112e-01 7.552661999999999987e-01
2.250510000000000010e-01 7.534275999999999751e-01
2.155884000000000134e-01 7.426296999999999482e-01
2.163802999999999976e-01 7.411278999999999506e-01
2.132184000000000024e-01 7.369219000000000186e-01
2.113907999999999898e-01 7.345566999999999513e-01
2.242655000000000065e-01 7.330778999999999490e-01
2.301095999999999975e-01 7.284618999999999955e-01
2.358715999999999868e-01 7.309885000000000410e-01
2.358561999999999881e-01 7.270334000000000518e-01
2.239700000000000024e-01 7.161492000000000413e-01
2.228273000000000059e-01 7.134856000000000531e-01
2.172096000000000027e-01 7.263488000000000167e-01
2.206068999999999947e-01 7.228301999999999783e-01
2.444591999999999876e-01 7.335787000000000280e-01
2.395681000000000060e-01 7.342349000000000236e-01
2.304904000000000119e-01 7.329499999999999904e-01
2.336483000000000032e-01 7.345464999999999911e-01
2.323676000000000075e-01 7.367289000000000199e-01
2.316452999999999984e-01 7.339010000000000256e-01
2.294859999999999955e-01 7.377833999999999781e-01
2.245729999999999948e-01 7.455509999999999637e-01
2.237491000000000063e-01 7.462860000000000049e-01
2.225620000000000098e-01 7.341815000000000424e-01
2.185699000000000114e-01 7.357905999999999613e-01
2.284199000000000090e-01 7.293195000000000094e-01
2.240584999999999938e-01 7.231334999999999846e-01
2.189939999999999942e-01 7.282509000000000343e-01
2.027915999999999885e-01 7.289381000000000332e-01
2.008929000000000131e-01 7.285350000000000437e-01
2.011235000000000106e-01 7.261636000000000202e-01
2.030144999999999866e-01 7.207957999999999865e-01
2.127497000000000138e-01 7.151682000000000317e-01
2.095494999999999997e-01 7.163009000000000182e-01
2.251425999999999983e-01 7.194595999999999769e-01
2.237184000000000117e-01 7.299860000000000237e-01
2.233899000000000024e-01 7.321556000000000175e-01
2.298880000000000090e-01 7.310322999999999682e-01
2.297964999999999869e-01 7.309636999999999940e-01
2.299308999999999936e-01 7.314513999999999738e-01
2.299308999999999936e-01 7.314513999999999738e-01
2.364001000000000019e-01 7.310265000000000235e-01
2.351844999999999908e-01 7.323819999999999775e-01
2.344448000000000087e-01 7.352729000000000070e-01
2.375222999999999918e-01 7.334505000000000052e-01
2.288756000000000124e-01 7.285776000000000474e-01
2.332979000000000025e-01 7.343967999999999607e-01
2.275891999999999915e-01 7.365372999999999504e-01
2.271015999999999868e-01 7.382191999999999643e-01
2.266089000000000020e-01 7.395960000000000312e-01
2.266004000000000074e-01 7.395332999999999490e-01
2.264268000000000114e-01 7.386232999999999826e-01
2.195881000000000083e-01 7.386344000000000243e-01
2.141875000000000029e-01 7.415424000000000460e-01
2.141875000000000029e-01 7.415424000000000460e-01
2.248578999999999994e-01 7.506369999999999987e-01
2.424186000000000119e-01 7.489968000000000181e-01
2.510210999999999970e-01 7.533258000000000454e-01
2.511822000000000221e-01 7.506199000000000066e-01
2.540943999999999980e-01 7.631402999999999937e-01
2.540943999999999980e-01 7.631402999999999937e-01
2.467965000000000020e-01 7.709639999999999826e-01
2.471656999999999882e-01 7.635364999999999513e-01
2.379181999999999964e-01 7.737346999999999975e-01
2.420528999999999875e-01 7.810487999999999875e-01
2.420543000000000000e-01 7.819873000000000518e-01
2.462903999999999927e-01 7.855967000000000366e-01
2.451154000000000110e-01 7.839544000000000512e-01
2.400002999999999997e-01 7.848924000000000456e-01
2.408973000000000086e-01 7.802432999999999730e-01
2.409005999999999925e-01 7.803196000000000021e-01
2.409005999999999925e-01 7.803196000000000021e-01
2.257795999999999970e-01 7.645724999999999882e-01
2.240573999999999899e-01 7.750089000000000006e-01
2.229957999999999940e-01 8.053019999999999623e-01
2.229957999999999940e-01 8.053019999999999623e-01
2.201506000000000018e-01 8.055094000000000420e-01
2.205309000000000019e-01 8.024987999999999566e-01
2.205309000000000019e-01 8.024987999999999566e-01
2.189249000000000056e-01 7.963580000000000103e-01
2.149551000000000101e-01 7.979867000000000488e-01
2.162984000000000018e-01 7.972677999999999710e-01
2.155419000000000085e-01 7.883337000000000261e-01
2.143506000000000022e-01 7.875446999999999864e-01
2.179197999999999968e-01 7.868553999999999826e-01
2.132959000000000105e-01 7.807034000000000473e-01
2.216027000000000136e-01 7.785929000000000322e-01
2.270697000000000132e-01 7.914387999999999979e-01
2.222866000000000009e-01 7.827399999999999913e-01
2.216414999999999913e-01 7.825729999999999631e-01
2.181237000000000037e-01 7.721166000000000418e-01
2.097427000000000041e-01 7.603364000000000233e-01
2.092345999999999928e-01 7.624033999999999534e-01
2.110305000000000097e-01 7.699462999999999724e-01
2.087528999999999912e-01 7.799076000000000342e-01
1.945677000000000101e-01 7.816718999999999751e-01
1.945061999999999902e-01 7.819201000000000068e-01
1.860373999999999917e-01 7.663427000000000433e-01
1.887900999999999885e-01 7.667091000000000323e-01
1.759012000000000076e-01 7.709829999999999739e-01
1.762347999999999970e-01 7.725851999999999720e-01
1.811617000000000088e-01 7.738443999999999878e-01
1.986200999999999939e-01 7.877361999999999975e-01
2.042139000000000038e-01 7.992888999999999688e-01
1.966575000000000129e-01 7.984004999999999574e-01
1.968306999999999973e-01 7.977378999999999998e-01
2.049065999999999943e-01 7.949614000000000402e-01
2.083580999999999905e-01 7.920487000000000499e-01
2.125991999999999882e-01 7.884577999999999864e-01
2.125991999999999882e-01 7.884577999999999864e-01
2.289807000000000092e-01 7.679413000000000489e-01
2.249221999999999888e-01 7.700770000000000115e-01
2.268698000000000103e-01 7.662063999999999542e-01
2.288749999999999951e-01 7.669262000000000024e-01
2.269888999999999935e-01 7.613233000000000361e-01
2.179611999999999938e-01 7.653991999999999463e-01
2.138045000000000084e-01 7.662453999999999654e-01
2.153047999999999906e-01 7.680207000000000006e-01
2.180585999999999913e-01 7.692651999999999823e-01
2.178129000000000037e-01 7.694212999999999747e-01
2.188186000000000020e-01 7.681099999999999595e-01
2.195532000000000039e-01 7.569514000000000520e-01
2.166199000000000041e-01 7.549882999999999456e-01
2.153079999999999994e-01 7.608023999999999898e-01
2.158889999999999976e-01 7.601088999999999762e-01
2.236348999999999976e-01 7.552995999999999599e-01
2.241385999999999934e-01 7.553775000000000350e-01
2.264884000000000064e-01 7.555307999999999469e-01
2.276058999999999999e-01 7.600854999999999695e-01
2.295146000000000130e-01 7.581324999999999870e-01
2.294080000000000008e-01 7.589759000000000366e-01
2.394344999999999946e-01 7.557599000000000400e-01
2.361800000000000010e-01 7.526958999999999733e-01
2.337579999999999936e-01 7.521158000000000010e-01
2.411455999999999877e-01 7.639736999999999778e-01
2.378541000000000127e-01 7.554621000000000253e-01
2.269867000000000135e-01 7.756665000000000365e-01
2.358910999999999925e-01 7.800089000000000050e-01
2.372141000000000111e-01 7.790160000000000418e-01
2.367613000000000079e-01 7.800390000000000379e-01
2.299125999999999947e-01 7.849882999999999722e-01
2.300793999999999895e-01 7.909199999999999564e-01
2.272606000000000070e-01 7.906701999999999897e-01
2.258382999999999918e-01 7.892453999999999859e-01
2.360634000000000066e-01 7.901454999999999451e-01
2.394984000000000002e-01 7.909059000000000506e-01
2.411679999999999935e-01 7.940403000000000322e-01
2.462821000000000038e-01 7.874225000000000252e-01
2.456219000000000041e-01 7.888773999999999509e-01
2.456219000000000041e-01 7.888773999999999509e-01
2.456219000000000041e-01 7.888773999999999509e-01
2.389293000000000111e-01 7.914636000000000449e-01
2.413118999999999958e-01 7.922732000000000108e-01
2.421875000000000000e-01 7.928250000000000020e-01
2.380188000000000026e-01 7.877273999999999665e-01
2.380188000000000026e-01 7.877273999999999665e-01
2.381676000000000071e-01 7.877252000000000143e-01
2.435734999999999983e-01 7.779108000000000134e-01
2.552607000000000070e-01 7.778964000000000434e-01
2.511283999999999739e-01 7.801957000000000475e-01
2.549139000000000266e-01 7.777437000000000378e-01
2.549139000000000266e-01 7.777437000000000378e-01
2.475826999999999889e-01 7.662265999999999799e-01
2.465027999999999941e-01 7.672704000000000191e-01
2.311221999999999999e-01 7.732696999999999488e-01
2.206945999999999908e-01 7.731907000000000085e-01
2.199521999999999866e-01 7.784377000000000102e-01
2.263243000000000060e-01 7.779300000000000104e-01
2.254569999999999907e-01 7.809952999999999479e-01
2.213028999999999968e-01 7.764309999999999823e-01
2.213028999999999968e-01 7.764309999999999823e-01
2.213028999999999968e-01 7.764303000000000177e-01
2.214020999999999906e-01 7.763951999999999520e-01
2.229213999999999918e-01 7.787960999999999911e-01
2.249981000000000064e-01 7.790198999999999874e-01
2.257120999999999988e-01 7.796511999999999887e-01
2.279517000000000071e-01 7.747247000000000439e-01
2.239996999999999960e-01 7.761529999999999818e-01
2.245424000000000031e-01 7.766695999999999600e-01
2.352007999999999877e-01 7.791652000000000022e-01
2.436568000000000067e-01 7.695410999999999779e-01
2.451895000000000047e-01 7.779487999999999959e-01
2.408512999999999904e-01 7.685062000000000282e-01
2.467322999999999877e-01 7.656988000000000127e-01
2.516025000000000067e-01 7.640325999999999507e-01
2.511099999999999999e-01 7.661807999999999952e-01
2.664092000000000127e-01 7.591984999999999983e-01
2.741526000000000240e-01 7.747756000000000087e-01
2.741868000000000083e-01 7.730734000000000217e-01
2.696953000000000267e-01 7.649487999999999843e-01
2.691962999999999995e-01 7.575918999999999848e-01
2.691938999999999860e-01 7.540343999999999935e-01
2.658404999999999796e-01 7.422826000000000146e-01
2.665505000000000235e-01 7.494319999999999871e-01
2.648859000000000075e-01 7.500061000000000089e-01
2.651798000000000211e-01 7.497570999999999541e-01
2.690298999999999885e-01 7.451421000000000294e-01
2.773527000000000076e-01 7.427884999999999627e-01
2.927014000000000005e-01 7.565429000000000181e-01
2.912253000000000203e-01 7.499360999999999944e-01
2.710835999999999801e-01 7.556036999999999892e-01
2.759834999999999927e-01 7.520704000000000278e-01
2.803601000000000010e-01 7.549875999999999809e-01
2.814671999999999730e-01 7.588070000000000093e-01
2.954764999999999753e-01 7.595963999999999494e-01
3.007486999999999799e-01 7.647395999999999638e-01
2.996633000000000213e-01 7.824742999999999560e-01
2.997735999999999734e-01 7.813797000000000104e-01
2.947690000000000032e-01 7.790892999999999846e-01
2.989790999999999976e-01 7.684974999999999445e-01
2.997059999999999724e-01 7.820724999999999483e-01
3.022194000000000269e-01 7.822698000000000151e-01
2.812636000000000025e-01 7.690738000000000296e-01
2.815166000000000057e-01 7.613590000000000080e-01
2.614329000000000236e-01 7.507327999999999779e-01
2.676155000000000062e-01 7.530333000000000165e-01
2.744484999999999841e-01 7.588586999999999971e-01
2.769951999999999970e-01 7.578683999999999976e-01
2.760613000000000095e-01 7.591978999999999811e-01
2.732022000000000062e-01 7.455481000000000469e-01
2.738939000000000235e-01 7.346466999999999858e-01
2.752209999999999934e-01 7.348544999999999661e-01
2.808516999999999819e-01 7.320681999999999467e-01
2.938125999999999793e-01 7.244696000000000469e-01
2.938125999999999793e-01 7.244696000000000469e-01
2.909656999999999938e-01 7.150440000000000129e-01
3.093407000000000240e-01 7.189811000000000396e-01
3.093124999999999902e-01 7.189427999999999930e-01
3.014665000000000261e-01 7.168276999999999566e-01
3.046740000000000004e-01 7.157329999999999526e-01
3.036363000000000256e-01 7.064207000000000125e-01
3.161235000000000017e-01 7.254015000000000324e-01
3.227887999999999868e-01 7.289571999999999719e-01
3.180444000000000049e-01 7.194966000000000417e-01
3.187880000000000158e-01 7.203043000000000085e-01
3.165598000000000023e-01 7.217059999999999587e-01
3.220369000000000148e-01 7.036006000000000205e-01
3.180570999999999815e-01 7.016508000000000189e-01
3.174944000000000099e-01 6.969324000000000074e-01
3.188440000000000163e-01 6.964242999999999961e-01
3.187991000000000019e-01 7.048659999999999926e-01
3.218972999999999973e-01 7.160646000000000511e-01
3.308875000000000011e-01 7.156740999999999797e-01
3.439169000000000254e-01 7.207105999999999790e-01
3.431897999999999893e-01 7.193869999999999987e-01
3.402238000000000206e-01 7.200071999999999584e-01
3.402238000000000206e-01 7.200071999999999584e-01
3.395959000000000061e-01 7.201197999999999766e-01
3.340891000000000277e-01 7.297985999999999640e-01
3.354744000000000059e-01 7.214717000000000491e-01
3.272343999999999808e-01 7.101716999999999613e-01
3.281215000000000104e-01 7.062481999999999926e-01
3.267858000000000152e-01 7.121718000000000215e-01
3.240739000000000258e-01 7.127592000000000372e-01
3.231533999999999796e-01 7.110524000000000289e-01
3.274928999999999757e-01 7.192600000000000104e-01
3.279888000000000248e-01 7.162368999999999541e-01
3.117833999999999883e-01 7.189446999999999921e-01
3.125663000000000191e-01 7.214209999999999789e-01
3.147714999999999819e-01 7.244213000000000457e-01
3.145214000000000065e-01 7.271777000000000379e-01
2.940948999999999924e-01 7.208592000000000333e-01
2.983713000000000060e-01 7.320680000000000520e-01
2.970161000000000051e-01 7.328497000000000483e-01
2.986578999999999762e-01 7.360242000000000173e-01
2.914463999999999944e-01 7.487494000000000094e-01
2.878283999999999843e-01 7.419025000000000203e-01
2.964448000000000083e-01 7.398204000000000446e-01
2.907178999999999736e-01 7.433321999999999985e-01
2.913467000000000140e-01 7.353256000000000236e-01
2.907930000000000237e-01 7.413817999999999797e-01
2.890868999999999800e-01 7.436914000000000025e-01
2.977940000000000031e-01 7.448905000000000109e-01
3.017925000000000191e-01 7.436975999999999587e-01
2.983717000000000175e-01 7.563712000000000213e-01
3.061401000000000261e-01 7.635486999999999691e-01
3.088867000000000140e-01 7.617177000000000531e-01
3.120291000000000037e-01 7.619647999999999977e-01
3.130989000000000133e-01 7.634507000000000376e-01
3.109564000000000217e-01 7.641902999999999890e-01
3.214095000000000146e-01 7.575910999999999618e-01
3.248251999999999806e-01 7.570983000000000018e-01
3.315808000000000089e-01 7.483338999999999963e-01
3.363724000000000158e-01 7.512647000000000075e-01
3.308425999999999867e-01 7.592172999999999838e-01
3.308425999999999867e-01 7.592172999999999838e-01
3.359715999999999814e-01 7.595138999999999641e-01
3.289322000000000079e-01 7.497523000000000382e-01
3.447904999999999998e-01 7.618460000000000232e-01
3.415985999999999745e-01 7.598498999999999670e-01
3.370312999999999781e-01 7.680563999999999725e-01
3.346856000000000275e-01 7.640139999999999709e-01
3.351869000000000098e-01 7.638779999999999459e-01
3.263624999999999998e-01 7.775366000000000222e-01
3.239412999999999876e-01 7.842360000000000442e-01
3.191464999999999996e-01 7.890838000000000019e-01
3.169413999999999842e-01 7.898830000000000018e-01
3.176887999999999934e-01 7.894641999999999493e-01
3.247388999999999970e-01 7.880099000000000409e-01
3.296798000000000228e-01 7.853483999999999465e-01
3.288159999999999972e-01 7.887174000000000129e-01
3.287946999999999953e-01 7.887361999999999984e-01
3.373855000000000048e-01 8.047902999999999585e-01
3.518511999999999751e-01 7.938583000000000167e-01
3.363708000000000253e-01 7.877889999999999615e-01
3.369926999999999784e-01 7.884314999999999518e-01
3.448494999999999755e-01 7.886589999999999989e-01
3.373937000000000186e-01 7.899684999999999624e-01
3.508109999999999840e-01 8.093717999999999746e-01
3.607505999999999768e-01 8.065225000000000311e-01
3.681039999999999868e-01 8.203458999999999612e-01
3.692560999999999760e-01 8.203825999999999619e-01
3.693510999999999878e-01 8.194850999999999663e-01
3.799159999999999759e-01 8.246432999999999680e-01
3.773232000000000252e-01 8.277333999999999525e-01
3.797600999999999893e-01 8.277672999999999837e-01
3.801065000000000138e-01 8.296208999999999945e-01
3.737368999999999830e-01 8.330805999999999489e-01
3.604812000000000016e-01 8.351750999999999481e-01
3.625112999999999808e-01 8.320090999999999459e-01
3.656803000000000137e-01 8.273483000000000365e-01
3.655409000000000019e-01 8.275687999999999933e-01
3.586844000000000143e-01 8.460225999999999580e-01
3.412668999999999841e-01 8.505983999999999767e-01
3.390793999999999753e-01 8.507894000000000290e-01
3.211974000000000218e-01 8.331598999999999533e-01
3.260372999999999744e-01 8.403178999999999510e-01
3.123990999999999851e-01 8.397829999999999462e-01
3.259274999999999811e-01 8.324156999999999806e-01
3.294791000000000247e-01 8.345295999999999825e-01
3.295638000000000178e-01 8.342439999999999856e-01
3.322858000000000200e-01 8.372121999999999620e-01
3.376261999999999874e-01 8.324928000000000328e-01
3.423142000000000129e-01 8.321212000000000053e-01
3.424942000000000264e-01 8.323585999999999485e-01
3.372905999999999960e-01 8.338923000000000307e-01
3.376774000000000164e-01 8.299687999999999510e-01
3.402306999999999970e-01 8.280062999999999729e-01
3.405174000000000256e-01 8.307166000000000272e-01
3.434895000000000032e-01 8.270522000000000151e-01
3.399642999999999970e-01 8.223597000000000268e-01
3.293465999999999894e-01 8.248482000000000314e-01
3.261284999999999878e-01 8.249767000000000072e-01
3.262656999999999918e-01 8.245219000000000298e-01
3.244594000000000089e-01 8.275240999999999847e-01
3.248192999999999775e-01 8.478898000000000268e-01
3.243940000000000157e-01 8.476890999999999732e-01
3.238507999999999942e-01 8.490560000000000329e-01
3.384652000000000216e-01 8.547031999999999963e-01
3.382474999999999787e-01 8.612136999999999709e-01
3.360876999999999892e-01 8.628951999999999734e-01
3.310982000000000092e-01 8.624471000000000220e-01
3.297040999999999999e-01 8.545705999999999580e-01
3.283579999999999832e-01 8.547171999999999548e-01
3.253405999999999798e-01 8.578721999999999737e-01
3.287055999999999867e-01 8.636825999999999670e-01
3.447191000000000005e-01 8.901810999999999474e-01
3.454983999999999833e-01 8.926001999999999548e-01
3.651405999999999819e-01 8.928835000000000521e-01
3.674387000000000070e-01 8.960485000000000255e-01
3.586649000000000087e-01 9.144554999999999767e-01
3.512376999999999860e-01 9.108041999999999527e-01
3.352062000000000097e-01 9.116558000000000161e-01
3.394181000000000004e-01 9.172578000000000120e-01
3.555909999999999904e-01 9.150565999999999978e-01
3.485463999999999785e-01 9.146170999999999607e-01
3.478294000000000108e-01 9.143080000000000096e-01
3.416239999999999832e-01 9.236796000000000451e-01
3.451631000000000005e-01 9.113672999999999913e-01
3.458678000000000030e-01 9.130546000000000495e-01
3.377032999999999840e-01 9.059150999999999732e-01
3.419788999999999746e-01 8.926444999999999519e-01
3.574355000000000171e-01 8.883735999999999855e-01
3.561285000000000145e-01 8.804011000000000475e-01
3.609903999999999891e-01 8.881658999999999526e-01
3.585785000000000222e-01 8.899799999999999933e-01
3.715456999999999788e-01 8.928477999999999692e-01
3.622035000000000116e-01 8.877764000000000211e-01
3.612813000000000274e-01 8.606656000000000306e-01
3.579302999999999790e-01 8.575247999999999760e-01
3.503721000000000196e-01 8.285017000000000076e-01
3.505577999999999750e-01 8.286966999999999528e-01
3.410733000000000237e-01 8.289948000000000317e-01
3.417379999999999862e-01 8.358141999999999516e-01
3.320468999999999782e-01 8.338826000000000294e-01
3.351960999999999968e-01 8.224299000000000470e-01
3.309379000000000071e-01 8.211176000000000030e-01
3.322167999999999788e-01 8.195095999999999492e-01
3.299984999999999724e-01 8.181435999999999709e-01
3.157468999999999970e-01 8.085811999999999999e-01
3.241636999999999991e-01 8.161142000000000118e-01
3.166820000000000190e-01 8.258301000000000114e-01
3.260490999999999806e-01 8.113196000000000296e-01
3.264265000000000083e-01 7.947583000000000286e-01
3.161122000000000098e-01 7.949663999999999620e-01
3.148948999999999776e-01 7.906111999999999584e-01
3.122733999999999788e-01 7.829338999999999604e-01
3.178463000000000260e-01 7.827062000000000186e-01
3.195233000000000101e-01 7.864219999999999544e-01
3.322438999999999809e-01 7.799274000000000484e-01
3.319061999999999846e-01 7.828707000000000304e-01
3.308870999999999896e-01 7.828182999999999669e-01
3.300231000000000137e-01 7.817496000000000445e-01
3.175719000000000181e-01 7.865229000000000248e-01
3.227894000000000041e-01 7.872694000000000081e-01
3.152531000000000083e-01 7.812046999999999741e-01
3.064003000000000143e-01 7.792961999999999945e-01
3.069331000000000143e-01 7.787669999999999870e-01
3.075910000000000033e-01 7.770719000000000376e-01
3.084174000000000082e-01 7.826275999999999788e-01
3.058488999999999791e-01 7.818675999999999959e-01
3.081994000000000122e-01 7.852240000000000331e-01
3.099119000000000179e-01 7.871053000000000077e-01
3.016653999999999725e-01 7.913455999999999824e-01
3.010884999999999811e-01 7.849757000000000540e-01
2.680175000000000196e-01 7.989741000000000204e-01
2.694972999999999952e-01 7.904752999999999918e-01
2.704996000000000067e-01 7.876484999999999737e-01
2.763568000000000136e-01 7.861289999999999667e-01
2.749445999999999835e-01 7.871692999999999607e-01
2.712233000000000005e-01 7.824191999999999814e-01
2.760626999999999942e-01 7.830489999999999950e-01
2.762518999999999947e-01 7.832166000000000405e-01
2.808508000000000115e-01 7.737195999999999518e-01
3.064258999999999733e-01 7.688352000000000519e-01
3.129135000000000111e-01 7.607663000000000064e-01
3.058527999999999802e-01 7.532442000000000304e-01
3.127660999999999913e-01 7.519223999999999908e-01
2.993994999999999851e-01 7.496184000000000180e-01
3.033102999999999771e-01 7.560455999999999843e-01
3.019034999999999913e-01 7.527089999999999614e-01
3.100757000000000096e-01 7.569013999999999465e-01
3.072284000000000126e-01 7.511936000000000169e-01
3.142512000000000083e-01 7.469546000000000241e-01
3.140819000000000250e-01 7.279531000000000196e-01
3.170576999999999979e-01 7.508067999999999964e-01
3.170576999999999979e-01 7.508067999999999964e-01
3.193861000000000061e-01 7.477633999999999670e-01
3.228299000000000030e-01 7.486492999999999620e-01
3.227391000000000010e-01 7.447321000000000080e-01
3.220841999999999872e-01 7.441853000000000495e-01
3.212786000000000253e-01 7.440350999999999493e-01
3.193024999999999891e-01 7.392608999999999986e-01
3.173497000000000123e-01 7.439210000000000544e-01
3.170857999999999732e-01 7.435914999999999608e-01
3.133623999999999854e-01 7.433918999999999944e-01
3.206433000000000200e-01 7.363110000000000488e-01
3.266582000000000097e-01 7.315888999999999864e-01
3.341966000000000103e-01 7.247460999999999487e-01
3.368849999999999900e-01 7.213783000000000278e-01
3.363433000000000117e-01 7.292440999999999507e-01
3.374108000000000107e-01 7.376981999999999706e-01
3.455767000000000144e-01 7.417110999999999565e-01
3.400658999999999765e-01 7.272317000000000364e-01
3.324280000000000013e-01 7.244076000000000404e-01
3.472499000000000002e-01 7.389679999999999582e-01
3.448515999999999804e-01 7.350643000000000038e-01
3.389618999999999827e-01 7.127670000000000394e-01
3.239035000000000108e-01 7.096447999999999645e-01
3.197553000000000201e-01 7.090855000000000352e-01
3.198303000000000118e-01 7.091395999999999811e-01
3.197578999999999838e-01 7.071347999999999523e-01
3.198275999999999897e-01 7.068282999999999650e-01
3.204935999999999896e-01 7.113971000000000044e-01
3.286590999999999818e-01 7.133095000000000407e-01
3.291715000000000058e-01 7.096282999999999896e-01
3.281736000000000097e-01 7.127919999999999812e-01
3.283615999999999757e-01 7.132374000000000214e-01
3.130704999999999738e-01 7.217312999999999645e-01
3.138718999999999815e-01 7.258497000000000421e-01
3.086918000000000162e-01 7.201566999999999830e-01
3.077826000000000173e-01 7.110212000000000199e-01
3.088566999999999840e-01 7.091131999999999991e-01
3.078057000000000154e-01 7.090456000000000536e-01
3.178379000000000065e-01 7.098276000000000030e-01
3.247388999999999970e-01 6.970866000000000007e-01
3.253850999999999827e-01 6.966548000000000185e-01
3.306626999999999761e-01 6.889094999999999525e-01
3.308415000000000106e-01 6.889739000000000280e-01
3.221104000000000189e-01 6.824964999999999504e-01
3.229094000000000131e-01 6.762475000000000014e-01
3.119036000000000031e-01 6.620989000000000457e-01
3.119036000000000031e-01 6.620989000000000457e-01
2.907952999999999788e-01 6.538239999999999608e-01
2.842343999999999982e-01 6.516547000000000311e-01
2.852291000000000132e-01 6.515309000000000239e-01
2.894933000000000090e-01 6.536541999999999630e-01
2.859419000000000266e-01 6.660163000000000055e-01
2.837212000000000067e-01 6.654892999999999503e-01
2.820873999999999882e-01 6.685453999999999564e-01
2.816015000000000046e-01 6.678965999999999514e-01
2.754002999999999868e-01 6.797039000000000275e-01
2.919169999999999821e-01 6.748501000000000083e-01
3.039231000000000016e-01 6.875057999999999447e-01
3.090598999999999985e-01 6.881878000000000162e-01
3.083421000000000078e-01 6.908404999999999685e-01
3.191052999999999806e-01 6.643442000000000514e-01
3.224003999999999759e-01 6.644263000000000252e-01
3.222955000000000125e-01 6.647045999999999788e-01
3.051425999999999861e-01 6.677376000000000422e-01
3.119163999999999826e-01 6.692639999999999700e-01
3.159474999999999922e-01 6.710040999999999922e-01
3.152800000000000047e-01 6.715046000000000070e-01
3.141367999999999938e-01 6.714719999999999578e-01
3.193793999999999800e-01 6.613548000000000204e-01
3.281138000000000110e-01 6.646558999999999662e-01
3.281138000000000110e-01 6.646558999999999662e-01
3.280898999999999899e-01 6.650641999999999943e-01
3.471261999999999959e-01 6.472470999999999641e-01
3.510011000000000103e-01 6.453626999999999558e-01
3.492881999999999931e-01 6.422567000000000137e-01
3.475059999999999816e-01 6.395199000000000300e-01
3.363230999999999860e-01 6.353208000000000188e-01
3.388028000000000151e-01 6.415345000000000075e-01
3.502687999999999913e-01 6.458625000000000060e-01
3.407971000000000195e-01 6.492065000000000197e-01
3.383071999999999746e-01 6.428026999999999491e-01
3.384623999999999966e-01 6.253739000000000381e-01
3.386472999999999844e-01 6.259770000000000056e-01
3.379497000000000195e-01 6.216121999999999481e-01
3.389947999999999850e-01 6.172885000000000177e-01
3.389947999999999850e-01 6.172885000000000177e-01
3.303495000000000181e-01 6.266492000000000173e-01
3.297557999999999878e-01 6.261651999999999774e-01
3.317366999999999955e-01 6.245566000000000173e-01
3.324367999999999768e-01 6.246367999999999920e-01
3.249198999999999837e-01 6.213965999999999656e-01
3.242053999999999769e-01 6.281955000000000178e-01
3.344749000000000194e-01 6.339139999999999775e-01
3.265530999999999850e-01 6.487135000000000540e-01
3.135279999999999734e-01 6.697771000000000141e-01
3.086434000000000122e-01 6.798644000000000354e-01
3.081167000000000211e-01 6.779420999999999919e-01
3.077620999999999829e-01 6.778682999999999792e-01
3.079000000000000070e-01 6.732103999999999866e-01
2.999141000000000168e-01 6.778591000000000477e-01
3.043625999999999832e-01 6.763759999999999772e-01
3.052278999999999964e-01 6.773268000000000066e-01
3.032952999999999899e-01 6.820488999999999580e-01
3.040420999999999818e-01 6.842882999999999605e-01
3.060111999999999832e-01 6.788655000000000106e-01
3.216768999999999878e-01 6.738309999999999578e-01
3.255020000000000135e-01 6.776702999999999477e-01
3.286570999999999798e-01 6.801960999999999702e-01
3.314822000000000046e-01 6.828231999999999635e-01
3.284090000000000065e-01 6.927020000000000399e-01
3.281330000000000080e-01 6.923141999999999907e-01
3.168114000000000208e-01 6.831625999999999532e-01
3.109023000000000203e-01 6.725440999999999780e-01
3.076837000000000044e-01 6.664244000000000279e-01
3.210352000000000205e-01 6.636617000000000210e-01
3.081840000000000135e-01 6.518024999999999514e-01
3.046059999999999879e-01 6.531143999999999838e-01
2.929618999999999973e-01 6.687602000000000269e-01
2.950704000000000105e-01 6.636552000000000007e-01
2.873209999999999931e-01 6.604769999999999808e-01
2.850655999999999746e-01 6.573200000000000154e-01
2.766852000000000200e-01 6.517623000000000166e-01
2.748502999999999918e-01 6.485663999999999874e-01
2.858891000000000071e-01 6.398918999999999579e-01
2.847696000000000116e-01 6.415712999999999555e-01
2.736868000000000078e-01 6.356351999999999558e-01
2.759738999999999942e-01 6.313765999999999545e-01
2.634916999999999954e-01 6.407277999999999585e-01
2.518189000000000122e-01 6.263644000000000434e-01
2.488585000000000103e-01 6.308721000000000467e-01
2.497767999999999933e-01 6.269616000000000078e-01
2.513425000000000242e-01 6.219453000000000342e-01
2.538080999999999809e-01 6.075873999999999997e-01
2.517147000000000134e-01 6.084574000000000371e-01
2.517078999999999844e-01 6.085237000000000007e-01
2.589759999999999840e-01 6.053237999999999674e-01
2.519322999999999979e-01 5.990062999999999915e-01
2.522494000000000125e-01 5.997983000000000064e-01
2.534031999999999951e-01 5.988362000000000407e-01
2.633742000000000028e-01 6.075812000000000435e-01
2.564742999999999884e-01 6.086380000000000123e-01
2.554829000000000128e-01 6.155344000000000371e-01
2.553904000000000174e-01 6.154690999999999912e-01
2.552555000000000240e-01 6.100906000000000384e-01
2.592549000000000103e-01 6.134180000000000188e-01
2.606499999999999928e-01 6.142617000000000216e-01
2.612242000000000175e-01 6.049282000000000270e-01
2.650012999999999952e-01 6.014424000000000436e-01
2.606666000000000261e-01 6.059647999999999701e-01
2.548362000000000127e-01 6.190349000000000546e-01
2.597476000000000229e-01 6.262315000000000520e-01
2.647865999999999831e-01 6.429432000000000480e-01
2.817162000000000277e-01 6.282896000000000036e-01
2.955191999999999819e-01 6.234125999999999834e-01
2.911153000000000213e-01 6.205148000000000330e-01
2.924726000000000270e-01 6.220244999999999802e-01
3.009433000000000247e-01 6.339966999999999686e-01
2.991131000000000206e-01 6.330666000000000349e-01
3.011561999999999850e-01 6.400008999999999837e-01
3.041595000000000271e-01 6.331291000000000002e-01
3.041595000000000271e-01 6.331291000000000002e-01
3.004310000000000036e-01 6.290335000000000232e-01
2.998411000000000270e-01 6.294516000000000000e-01
2.988996999999999904e-01 6.277895000000000003e-01
2.934625000000000150e-01 6.408340999999999621e-01
2.910949999999999926e-01 6.475311000000000261e-01
2.912906000000000106e-01 6.475805000000000033e-01
2.643579999999999819e-01 6.456604999999999706e-01
2.661092999999999931e-01 6.432328000000000490e-01
2.657799000000000134e-01 6.388023000000000451e-01
2.614002000000000270e-01 6.445241999999999916e-01
2.582186000000000203e-01 6.488787000000000305e-01
2.584058000000000188e-01 6.491093999999999475e-01
2.580152000000000001e-01 6.492525999999999575e-01
2.653119999999999923e-01 6.496684999999999821e-01
2.661094999999999988e-01 6.453394000000000075e-01
2.580111999999999961e-01 6.431518999999999986e-01
2.569332999999999756e-01 6.434453999999999452e-01
2.571095999999999937e-01 6.434520000000000239e-01
2.551752999999999938e-01 6.420970000000000288e-01
2.683150000000000257e-01 6.547296000000000227e-01
2.648269999999999791e-01 6.612419000000000491e-01
2.658815999999999957e-01 6.629793999999999965e-01
2.665080000000000227e-01 6.610030999999999546e-01
2.568693000000000226e-01 6.596370999999999762e-01
2.597580999999999918e-01 6.587800000000000322e-01
2.626004000000000116e-01 6.579161000000000037e-01
2.626004000000000116e-01 6.579161000000000037e-01
2.622001999999999944e-01 6.580911000000000399e-01
2.581983999999999946e-01 6.606684000000000445e-01
2.462504000000000082e-01 6.720648999999999651e-01
2.220617000000000008e-01 6.795556999999999848e-01
2.198256000000000099e-01 6.701331999999999844e-01
2.211948999999999999e-01 6.712736000000000258e-01
2.222426000000000124e-01 6.755894000000000066e-01
2.233082000000000122e-01 6.749273000000000078e-01
2.246197000000000055e-01 6.715554000000000245e-01
2.234642000000000017e-01 6.716598000000000290e-01
2.230863999999999903e-01 6.716043999999999903e-01
2.241591000000000000e-01 6.739338999999999746e-01
2.297753999999999908e-01 6.549348000000000392e-01
2.323025999999999980e-01 6.518089000000000244e-01
2.469706000000000123e-01 6.366418999999999828e-01
2.469706000000000123e-01 6.366418999999999828e-01
2.384969000000000117e-01 6.380103000000000302e-01
2.418847000000000080e-01 6.396049000000000317e-01
2.474918000000000118e-01 6.358892999999999907e-01
2.561579999999999968e-01 6.488504999999999967e-01
2.573238999999999943e-01 6.575166999999999540e-01
2.581035999999999886e-01 6.589262000000000175e-01
2.592746000000000217e-01 6.585978999999999584e-01
2.389557999999999960e-01 6.597454000000000374e-01
2.303822000000000092e-01 6.641842000000000024e-01
2.433520000000000127e-01 6.619675999999999894e-01
2.392355999999999927e-01 6.613858999999999710e-01
2.384605999999999948e-01 6.601641999999999788e-01
2.404690999999999912e-01 6.601894000000000373e-01
2.484504999999999908e-01 6.452533000000000296e-01
2.392428000000000055e-01 6.435532000000000474e-01
2.421572999999999920e-01 6.300531999999999799e-01
2.479641999999999957e-01 6.327816000000000551e-01
2.424582000000000126e-01 6.231794999999999973e-01
2.447330000000000061e-01 6.374758000000000369e-01
2.513117000000000267e-01 6.242752000000000301e-01
2.458280999999999938e-01 6.246620000000000505e-01
2.463776000000000022e-01 6.275920999999999861e-01
2.463776000000000022e-01 6.275920999999999861e-01
2.443324000000000051e-01 6.187413000000000496e-01
2.350493999999999917e-01 6.108441000000000010e-01
2.339652999999999872e-01 6.107953000000000410e-01
2.352265000000000050e-01 6.104962000000000444e-01
2.352547000000000110e-01 6.104922000000000404e-01
2.354179000000000133e-01 6.088801000000000352e-01
2.358718999999999955e-01 6.178460999999999537e-01
2.304266000000000092e-01 6.223494999999999999e-01
2.254367999999999927e-01 6.155947999999999976e-01
2.237387999999999877e-01 6.167802000000000007e-01
2.279113000000000111e-01 6.268158000000000341e-01
2.315810000000000091e-01 6.445992999999999862e-01
2.386907000000000056e-01 6.443499000000000310e-01
2.380819999999999881e-01 6.442695999999999978e-01
2.367662000000000100e-01 6.518914000000000097e-01
2.350716999999999945e-01 6.398376999999999537e-01
2.266746000000000039e-01 6.400181999999999816e-01
2.284770999999999885e-01 6.424368999999999774e-01
2.381641999999999926e-01 6.491363999999999468e-01
2.556795000000000040e-01 6.478401000000000298e-01
2.474290000000000100e-01 6.424598999999999727e-01
2.666059000000000068e-01 6.485912000000000344e-01
2.767690999999999901e-01 6.385486000000000217e-01
2.732835000000000125e-01 6.361976999999999771e-01
2.681022000000000127e-01 6.404581000000000301e-01
2.654478000000000115e-01 6.362292000000000503e-01
2.663693999999999784e-01 6.457226999999999828e-01
2.466069999999999929e-01 6.518802999999999681e-01
2.665332000000000257e-01 6.510941999999999563e-01
2.659191000000000193e-01 6.516342999999999996e-01
2.721937999999999858e-01 6.613831999999999489e-01
2.696613999999999955e-01 6.711424999999999752e-01
2.696613999999999955e-01 6.711424999999999752e-01
2.696613999999999955e-01 6.711424999999999752e-01
2.781671000000000005e-01 6.707478000000000051e-01
2.774075999999999764e-01 6.659384000000000414e-01
2.768926999999999916e-01 6.678395999999999777e-01
2.802312000000000136e-01 6.619424000000000419e-01
2.843861999999999779e-01 6.759929999999999550e-01
2.633481999999999768e-01 6.547475999999999852e-01
2.755828000000000166e-01 6.613491999999999704e-01
2.610638000000000125e-01 6.649517999999999818e-01
2.590715000000000101e-01 6.707058999999999660e-01
2.593064999999999953e-01 6.719091000000000369e-01
2.584612000000000021e-01 6.727062000000000319e-01
2.630812000000000150e-01 6.615425000000000333e-01
2.606967000000000034e-01 6.501147000000000453e-01
2.459748999999999963e-01 6.571688999999999448e-01
2.433153000000000121e-01 6.464992999999999990e-01
2.425258999999999887e-01 6.421474999999999822e-01
2.434620000000000117e-01 6.445218999999999809e-01
2.569696000000000202e-01 6.419308999999999710e-01
2.637336000000000125e-01 6.504942000000000224e-01
2.634794999999999776e-01 6.507600999999999525e-01
2.634070000000000022e-01 6.505551000000000528e-01
2.575872000000000162e-01 6.431132000000000515e-01
2.587840000000000140e-01 6.423967999999999900e-01
2.588263000000000091e-01 6.423735999999999891e-01
2.534165999999999919e-01 6.608720000000000150e-01
2.570444000000000062e-01 6.576986000000000221e-01
2.548046999999999951e-01 6.553970999999999547e-01
2.561760000000000148e-01 6.570038999999999740e-01
2.542711999999999750e-01 6.586252999999999691e-01
2.550246999999999931e-01 6.570038000000000267e-01
2.490835999999999884e-01 6.411521999999999499e-01
2.447554999999999870e-01 6.430234000000000227e-01
2.501365999999999867e-01 6.461413000000000295e-01
2.585189999999999988e-01 6.397549000000000152e-01
2.572850999999999888e-01 6.404518000000000155e-01
2.622590000000000199e-01 6.428228999999999749e-01
2.619779999999999887e-01 6.553035000000000387e-01
2.583622999999999892e-01 6.534714999999999829e-01
2.583938000000000068e-01 6.534048000000000078e-01
2.562252999999999892e-01 6.541392999999999791e-01
2.409604999999999941e-01 6.483204000000000189e-01
2.419935000000000003e-01 6.513468999999999509e-01
2.461631999999999987e-01 6.538336000000000148e-01
2.320211000000000079e-01 6.587279000000000329e-01
2.228951000000000127e-01 6.471278999999999781e-01
2.228951000000000127e-01 6.471278999999999781e-01
2.168561999999999990e-01 6.499715999999999827e-01
2.131035000000000013e-01 6.469818000000000513e-01
2.195749999999999924e-01 6.557363999999999971e-01
2.195728999999999875e-01 6.557372000000000201e-01
2.196779000000000093e-01 6.493238000000000065e-01
2.241539999999999921e-01 6.517669999999999852e-01
2.220888000000000029e-01 6.532837999999999701e-01
2.196296000000000082e-01 6.582284000000000468e-01
2.156551999999999913e-01 6.600194999999999812e-01
2.320904000000000023e-01 6.622993999999999826e-01
2.278595999999999955e-01 6.751506000000000451e-01
2.278595999999999955e-01 6.751506000000000451e-01
2.359436000000000033e-01 6.843597000000000152e-01
2.399741999999999986e-01 6.845523000000000025e-01
2.203537000000000134e-01 6.891473999999999656e-01
2.207235999999999920e-01 6.904225999999999974e-01
2.390102000000000060e-01 6.866225999999999718e-01
2.387904000000000138e-01 6.863487999999999811e-01
2.423014000000000001e-01 6.951022999999999508e-01
2.249841999999999953e-01 6.874078000000000133e-01
2.246578999999999937e-01 6.850992000000000193e-01
2.361418999999999879e-01 7.007322999999999746e-01
2.477424000000000015e-01 6.974280000000000479e-01
2.468851999999999991e-01 7.149969999999999937e-01
2.451520000000000088e-01 7.217966000000000104e-01
2.613601999999999870e-01 7.205047999999999453e-01
2.625344000000000011e-01 7.125814000000000314e-01
2.638346999999999776e-01 7.293406000000000056e-01
2.639843000000000051e-01 7.281891999999999809e-01
2.668813999999999909e-01 7.273125000000000284e-01
2.691093999999999986e-01 7.256065000000000431e-01
2.723009000000000124e-01 7.110054000000000096e-01
2.624175000000000257e-01 7.220733999999999764e-01
2.561204999999999732e-01 7.227253000000000149e-01
2.566278000000000170e-01 7.251611999999999503e-01
2.584383000000000097e-01 7.231501000000000179e-01
2.638009000000000048e-01 7.061674999999999480e-01
2.636183999999999750e-01 7.046810000000000018e-01
2.618375000000000008e-01 7.014991999999999894e-01
2.626642000000000143e-01 7.105029000000000483e-01
2.602791999999999883e-01 7.124692999999999721e-01
2.617164000000000157e-01 7.162152999999999992e-01
2.773079999999999989e-01 7.139284999999999659e-01
2.635468000000000255e-01 7.324793000000000553e-01
2.693492000000000108e-01 7.389139000000000124e-01
2.690178999999999765e-01 7.389957000000000331e-01
2.783223000000000225e-01 7.478088000000000513e-01
2.917095000000000105e-01 7.348812000000000122e-01
2.807497999999999938e-01 7.380946000000000451e-01
2.864904999999999813e-01 7.387612000000000068e-01
2.851258999999999877e-01 7.258761000000000241e-01
2.856258999999999881e-01 7.259978999999999738e-01
2.735080999999999762e-01 7.386745999999999590e-01
2.789047000000000054e-01 7.387787999999999577e-01
2.829089000000000187e-01 7.292579999999999618e-01
2.784061999999999926e-01 7.211402000000000090e-01
2.653911999999999938e-01 7.281653000000000153e-01
2.758057999999999899e-01 7.346295999999999937e-01
2.778365999999999891e-01 7.284226999999999785e-01
2.791862999999999984e-01 7.293410999999999644e-01
2.755368999999999735e-01 7.316544999999999854e-01
2.868199000000000165e-01 7.496313999999999478e-01
2.915830999999999840e-01 7.566340000000000288e-01
2.880831999999999837e-01 7.556454000000000226e-01
2.841631000000000018e-01 7.633088999999999569e-01
2.867876999999999788e-01 7.610377999999999865e-01
2.902350000000000207e-01 7.612474999999999659e-01
2.886283000000000043e-01 7.614307999999999632e-01
3.011455000000000104e-01 7.647112999999999827e-01
3.075680000000000081e-01 7.610740000000000283e-01
3.077728000000000130e-01 7.686948000000000114e-01
3.019157000000000091e-01 7.671265000000000445e-01
3.079110999999999931e-01 7.769445000000000379e-01
3.061146000000000145e-01 7.758720000000000061e-01
3.048395999999999884e-01 7.760515000000000052e-01
3.036840000000000095e-01 7.877891000000000199e-01
3.066625000000000045e-01 7.920667999999999598e-01
3.044098000000000082e-01 7.961009000000000002e-01
3.085145000000000248e-01 8.017773999999999734e-01
2.973896999999999791e-01 8.072171999999999681e-01
2.900444999999999829e-01 7.965067999999999593e-01
2.931525999999999854e-01 8.022437999999999514e-01
3.067466999999999833e-01 7.967180000000000373e-01
3.108427000000000273e-01 7.891730000000000134e-01
3.061208999999999736e-01 7.909808000000000394e-01
3.119752000000000081e-01 8.080772000000000510e-01
3.084232000000000085e-01 8.098227999999999538e-01
3.051588000000000078e-01 8.111667999999999656e-01
2.992372999999999839e-01 8.027849999999999708e-01
3.014065000000000216e-01 7.994244999999999823e-01
3.030654999999999877e-01 8.011873000000000467e-01
3.001822000000000101e-01 8.065571999999999742e-01
2.966512000000000038e-01 8.109108999999999901e-01
3.081075999999999815e-01 8.150140999999999636e-01
3.162412000000000001e-01 8.154346000000000094e-01
3.112539999999999751e-01 8.130754000000000037e-01
3.046221000000000068e-01 8.154061999999999699e-01
3.042305000000000148e-01 8.156427000000000538e-01
3.042305000000000148e-01 8.156427000000000538e-01
3.051324999999999732e-01 8.170530000000000292e-01
3.140418999999999849e-01 8.231992999999999672e-01
3.154562000000000199e-01 8.205286999999999997e-01
3.180539000000000005e-01 8.140500999999999987e-01
3.272866999999999860e-01 8.234409000000000312e-01
3.232233999999999940e-01 8.255913999999999753e-01
3.232233999999999940e-01 8.255913999999999753e-01
3.144943000000000044e-01 8.274740999999999902e-01
3.125268999999999964e-01 8.303346999999999811e-01
3.185900999999999872e-01 8.329299000000000008e-01
3.273889999999999856e-01 8.299151999999999640e-01
3.247028000000000136e-01 8.273606000000000016e-01
3.096128000000000213e-01 8.434152000000000315e-01
3.065567000000000153e-01 8.268708000000000169e-01
3.099375999999999798e-01 8.252724999999999644e-01
3.083934999999999871e-01 8.229064999999999852e-01
3.073363000000000067e-01 8.399704000000000059e-01
3.096732999999999847e-01 8.401615000000000055e-01
3.054735000000000089e-01 8.392306999999999961e-01
3.075165999999999733e-01 8.396460000000000035e-01
3.083951999999999805e-01 8.395879000000000536e-01
3.022445999999999744e-01 8.535426999999999875e-01
2.978042000000000189e-01 8.542186999999999975e-01
2.893121000000000165e-01 8.445897999999999461e-01
2.969762000000000235e-01 8.620172000000000390e-01
3.039671999999999930e-01 8.583960000000000479e-01
3.088907000000000180e-01 8.570208000000000270e-01
3.055676999999999977e-01 8.627898000000000511e-01
3.004588000000000259e-01 8.529759999999999565e-01
3.057518000000000180e-01 8.484312000000000520e-01
2.955180000000000029e-01 8.468307999999999947e-01
3.036517000000000244e-01 8.323061000000000487e-01
3.115819000000000227e-01 8.373121000000000036e-01
3.133195999999999759e-01 8.372226000000000390e-01
3.137195999999999874e-01 8.368788000000000338e-01
3.269707000000000030e-01 8.377183999999999742e-01
3.262594999999999801e-01 8.361823999999999923e-01
3.253994000000000053e-01 8.379301000000000110e-01
3.254730000000000123e-01 8.371159000000000239e-01
3.136917000000000177e-01 8.474331999999999976e-01
3.128015000000000101e-01 8.573446000000000122e-01
3.082589000000000024e-01 8.575825999999999727e-01
3.293789999999999774e-01 8.474479000000000317e-01
3.230845999999999996e-01 8.552347000000000143e-01
3.310879999999999934e-01 8.525483000000000366e-01
3.373713999999999880e-01 8.432245000000000434e-01
3.295273000000000230e-01 8.478512999999999744e-01
3.311749999999999972e-01 8.487092999999999998e-01
3.299885000000000179e-01 8.489630000000000232e-01
3.299885000000000179e-01 8.489630000000000232e-01
3.304112000000000160e-01 8.487228999999999468e-01
3.271609999999999796e-01 8.378965000000000440e-01
3.284323000000000103e-01 8.385736000000000301e-01
3.113336999999999910e-01 8.590145999999999615e-01
3.281950000000000145e-01 8.698907000000000167e-01
3.330274999999999763e-01 8.755663999999999669e-01
3.321362999999999954e-01 8.757298000000000027e-01
3.450696999999999792e-01 8.659191000000000527e-01
3.494623000000000035e-01 8.658770000000000078e-01
3.494623000000000035e-01 8.658770000000000078e-01
3.558068999999999815e-01 8.639959000000000389e-01
3.527877999999999847e-01 8.639189000000000451e-01
3.541541000000000272e-01 8.668181000000000358e-01
3.526311999999999780e-01 8.619719999999999605e-01
3.518823999999999841e-01 8.620269999999999877e-01
3.510596000000000272e-01 8.622332999999999803e-01
3.695429000000000075e-01 8.536299999999999999e-01
3.875955999999999846e-01 8.390948999999999769e-01
3.866879999999999762e-01 8.375884000000000107e-01
3.854768000000000083e-01 8.381807000000000007e-01
3.750509000000000204e-01 8.353536000000000294e-01
3.742175999999999836e-01 8.269341000000000053e-01
3.748355999999999910e-01 8.276710000000000456e-01
3.725659000000000054e-01 8.354080000000000394e-01
3.758278999999999925e-01 8.311216000000000159e-01
3.779805999999999999e-01 8.347432000000000185e-01
3.801031000000000271e-01 8.354076999999999753e-01
3.603628999999999860e-01 8.468900000000000317e-01
3.605521999999999894e-01 8.425753000000000270e-01
3.686613999999999725e-01 8.402237999999999651e-01
3.528542000000000067e-01 8.223445000000000338e-01
3.457319999999999838e-01 8.314302999999999555e-01
3.431969000000000269e-01 8.299450000000000438e-01
3.349559999999999760e-01 8.400632000000000099e-01
3.340397999999999978e-01 8.417596999999999996e-01
3.253056999999999754e-01 8.281218000000000190e-01
3.253094000000000263e-01 8.344757000000000424e-01
3.244025999999999854e-01 8.301026000000000238e-01
3.389854999999999952e-01 8.348649000000000209e-01
3.342755000000000032e-01 8.233405999999999780e-01
3.348092999999999764e-01 8.244685999999999959e-01
3.296402999999999972e-01 8.251720000000000166e-01
3.291336000000000261e-01 8.163658999999999777e-01
3.384304000000000201e-01 8.114767999999999981e-01
3.305338999999999916e-01 8.159117999999999649e-01
3.304731000000000196e-01 8.157170999999999728e-01
3.376060000000000172e-01 8.276774000000000076e-01
3.441038000000000152e-01 8.270767999999999454e-01
3.457509999999999750e-01 8.273791000000000340e-01
3.376696000000000142e-01 8.333884999999999765e-01
3.334606999999999988e-01 8.297733999999999943e-01
3.518831000000000042e-01 8.158140000000000391e-01
3.477805999999999953e-01 8.184671000000000030e-01
3.554187999999999792e-01 8.242644000000000082e-01
3.554187999999999792e-01 8.242644000000000082e-01
3.588555999999999968e-01 8.353083000000000036e-01
3.582547999999999844e-01 8.369898999999999534e-01
3.622754999999999725e-01 8.427641999999999634e-01
3.703854999999999786e-01 8.396523999999999655e-01
3.705610999999999766e-01 8.395599999999999730e-01
3.735073999999999894e-01 8.321013999999999911e-01
3.716046000000000071e-01 8.450634999999999675e-01
3.714176000000000144e-01 8.474947999999999926e-01
3.803774999999999795e-01 8.505768000000000217e-01
3.832993000000000094e-01 8.492652000000000534e-01
3.899352999999999847e-01 8.347755000000000036e-01
3.883499000000000256e-01 8.325552999999999981e-01
3.928264000000000200e-01 8.107590000000000074e-01
3.778775999999999802e-01 8.153323999999999572e-01
3.711668000000000189e-01 8.221576000000000439e-01
3.803157999999999817e-01 8.303916999999999549e-01
3.813752999999999727e-01 8.296383000000000507e-01
3.773443000000000214e-01 8.288145999999999569e-01
3.822950999999999988e-01 8.227149999999999741e-01
3.693100000000000271e-01 7.994426999999999506e-01
3.692862000000000089e-01 7.999410000000000132e-01
3.719386000000000081e-01 8.090032000000000334e-01
3.719526000000000221e-01 8.089963999999999489e-01
3.713218999999999825e-01 7.970812999999999926e-01
3.676485999999999921e-01 7.860913000000000483e-01
3.691015000000000268e-01 7.803792000000000506e-01
3.691382000000000274e-01 7.786543999999999688e-01
3.778360000000000052e-01 7.872704999999999842e-01
3.638344000000000023e-01 8.012375999999999943e-01
3.700761000000000189e-01 7.991692999999999714e-01
3.907247999999999832e-01 8.047322000000000086e-01
3.836453000000000224e-01 8.078733000000000164e-01
3.820895999999999737e-01 8.002844000000000069e-01
3.820895999999999737e-01 8.002844000000000069e-01
3.761777000000000037e-01 7.933230999999999478e-01
3.640842000000000245e-01 7.928962000000000510e-01
3.657769000000000159e-01 7.948102999999999696e-01
3.612960000000000060e-01 7.910401999999999711e-01
3.528510999999999731e-01 7.997579000000000216e-01
3.541921000000000097e-01 7.872805999999999971e-01
3.447710999999999970e-01 7.889747999999999761e-01
3.509010000000000185e-01 7.901783000000000001e-01
3.516419000000000072e-01 7.959844000000000364e-01
3.438749999999999862e-01 7.846769999999999579e-01
3.506255999999999817e-01 7.873293000000000097e-01
3.509593999999999769e-01 7.869867000000000390e-01
3.475368999999999819e-01 7.846109999999999474e-01
3.426315999999999806e-01 7.949374999999999636e-01
3.451482000000000161e-01 8.051120999999999972e-01
3.364796999999999927e-01 8.038695000000000146e-01
3.287450000000000094e-01 7.935210000000000319e-01
3.145468000000000153e-01 7.933616999999999475e-01
3.158853999999999829e-01 7.949602000000000057e-01
3.028663999999999801e-01 7.915953999999999491e-01
3.037002999999999786e-01 7.948437999999999892e-01
3.143761999999999945e-01 8.021099000000000423e-01
3.220400999999999958e-01 8.006134999999999780e-01
3.213305000000000189e-01 8.017016000000000142e-01
3.165892000000000150e-01 8.043002000000000207e-01
3.296719000000000177e-01 8.087530000000000552e-01
3.329315999999999942e-01 8.034238000000000213e-01
3.277204000000000228e-01 8.127997000000000138e-01
3.310744999999999938e-01 8.003112000000000004e-01
3.306221999999999772e-01 8.009842999999999824e-01
3.270565999999999751e-01 7.941289000000000264e-01
3.039903999999999940e-01 8.021110999999999658e-01
3.029600000000000071e-01 8.004533999999999816e-01
3.006763000000000075e-01 7.999884999999999913e-01
2.987711000000000117e-01 8.000547000000000075e-01
2.974068000000000267e-01 8.012709999999999555e-01
2.760610000000000008e-01 7.875889000000000362e-01
2.907392999999999783e-01 7.914398999999999740e-01
2.925710000000000255e-01 7.944453999999999683e-01
2.725694000000000172e-01 7.975430999999999493e-01
2.657811999999999952e-01 7.950449000000000543e-01
2.600373000000000268e-01 7.870540000000000314e-01
2.616679000000000088e-01 7.846765999999999464e-01
2.618416000000000077e-01 7.854938999999999671e-01
2.562196999999999947e-01 7.883242000000000305e-01
2.584397999999999973e-01 7.891591000000000022e-01
2.584916999999999909e-01 7.792303999999999897e-01
2.584916999999999909e-01 7.792303999999999897e-01
2.587195999999999940e-01 7.815758999999999901e-01
2.472137000000000084e-01 7.887570000000000414e-01
2.511760000000000104e-01 7.796480999999999550e-01
2.511760000000000104e-01 7.796480999999999550e-01
2.396043999999999952e-01 7.825490000000000501e-01
2.415512999999999966e-01 7.785256000000000398e-01
2.458006000000000080e-01 7.889253000000000515e-01
2.626313000000000120e-01 7.911669000000000063e-01
2.598786000000000151e-01 7.893706000000000333e-01
2.544479000000000046e-01 7.826073000000000057e-01
2.610543000000000169e-01 7.872101999999999711e-01
2.590419999999999945e-01 7.893925000000000525e-01
2.414802000000000060e-01 8.023780000000000356e-01
2.467856999999999967e-01 8.061418999999999668e-01
2.406442000000000025e-01 8.034457999999999878e-01
2.331905999999999979e-01 8.009665000000000257e-01
2.331619000000000053e-01 7.982458999999999527e-01
2.331619000000000053e-01 7.982458999999999527e-01
2.314032000000000033e-01 7.957140000000000324e-01
2.314032000000000033e-01 7.957140000000000324e-01
2.345329999999999915e-01 7.907975000000000421e-01
2.378020999999999885e-01 7.915457999999999661e-01
2.476962000000000053e-01 7.876558000000000170e-01
2.619806000000000079e-01 7.746986000000000150e-01
2.606816000000000133e-01 7.710698000000000274e-01
2.537791999999999826e-01 7.715115000000000167e-01
2.624515000000000042e-01 7.691367999999999538e-01
2.645493999999999901e-01 7.672963999999999896e-01
2.625946000000000113e-01 7.679432999999999954e-01
2.704460000000000197e-01 7.664729999999999599e-01
2.758843000000000267e-01 7.643413999999999486e-01
2.712114999999999942e-01 7.587909000000000459e-01
2.712114999999999942e-01 7.587909000000000459e-01
2.715893999999999808e-01 7.587336999999999554e-01
2.724614000000000202e-01 7.576612999999999820e-01
2.707719000000000098e-01 7.518603000000000369e-01
2.746502000000000110e-01 7.488612000000000046e-01
2.939921999999999813e-01 7.482406000000000335e-01
2.921927999999999748e-01 7.460915999999999659e-01
3.041222000000000092e-01 7.509027999999999814e-01
3.040763000000000216e-01 7.508909000000000278e-01
2.980616999999999850e-01 7.430088999999999722e-01
2.995801000000000158e-01 7.576049000000000255e-01
3.090498999999999885e-01 7.712320000000000286e-01
3.099755000000000149e-01 7.588937000000000044e-01
3.157362000000000224e-01 7.661069999999999824e-01
3.127631000000000161e-01 7.631577000000000499e-01
3.068273000000000250e-01 7.582373999999999503e-01
2.986560999999999799e-01 7.635406999999999611e-01
2.998434999999999850e-01 7.651094000000000506e-01
3.061927999999999872e-01 7.740078999999999709e-01
3.045295000000000085e-01 7.751228999999999481e-01
3.044112999999999958e-01 7.749875999999999987e-01
3.023536000000000001e-01 7.874754000000000476e-01
3.079261999999999833e-01 7.830742000000000536e-01
3.114989000000000230e-01 7.835815999999999892e-01
3.041654999999999776e-01 7.887471999999999817e-01
3.074758000000000213e-01 7.796279000000000403e-01
3.082966999999999791e-01 7.839165999999999634e-01
3.034432000000000240e-01 7.861789000000000138e-01
3.044934000000000252e-01 7.853407000000000027e-01
3.201343999999999856e-01 7.771228000000000025e-01
3.158461000000000185e-01 7.716904999999999459e-01
3.158461000000000185e-01 7.716904999999999459e-01
3.163873999999999853e-01 7.706501000000000046e-01
3.174133000000000093e-01 7.669186000000000059e-01
3.020911000000000013e-01 7.564332000000000278e-01
2.981479000000000212e-01 7.513879999999999448e-01
2.882161999999999780e-01 7.518766000000000060e-01
2.889321000000000250e-01 7.531157000000000545e-01
2.887013999999999969e-01 7.532229999999999759e-01
2.884032000000000262e-01 7.342919999999999447e-01
2.917969999999999731e-01 7.425361000000000322e-01
2.855566999999999966e-01 7.450156999999999474e-01
2.863026000000000182e-01 7.446679000000000492e-01
2.983450999999999742e-01 7.552999999999999714e-01
3.006257999999999986e-01 7.580139999999999656e-01
3.086608000000000129e-01 7.523638999999999744e-01
3.108223999999999987e-01 7.491900999999999700e-01
3.102906999999999749e-01 7.438565999999999789e-01
3.084302999999999906e-01 7.447205000000000075e-01
3.079719000000000206e-01 7.461288999999999838e-01
3.073615000000000097e-01 7.568764999999999521e-01
3.070260000000000211e-01 7.528934000000000459e-01
3.079975999999999825e-01 7.468683000000000405e-01
2.990934000000000093e-01 7.469797999999999716e-01
3.005000999999999922e-01 7.479141000000000261e-01
2.991452000000000000e-01 7.273711999999999955e-01
2.919066000000000161e-01 7.220583000000000418e-01
2.917656000000000138e-01 7.221087999999999951e-01
2.853473999999999733e-01 7.147449000000000163e-01
2.870875999999999983e-01 7.066322999999999910e-01
3.015834000000000015e-01 7.069246999999999614e-01
3.060593999999999815e-01 7.114684000000000008e-01
3.078816999999999804e-01 7.114989999999999926e-01
3.271937999999999791e-01 7.075550000000000450e-01
3.113330000000000264e-01 6.985649999999999915e-01
3.110895000000000188e-01 6.986350999999999534e-01
3.086592000000000224e-01 6.897790999999999784e-01
3.087964000000000264e-01 6.928261000000000003e-01
3.080121000000000109e-01 6.932487000000000510e-01
3.051837000000000022e-01 6.916889000000000509e-01
3.094936999999999827e-01 6.851610000000000200e-01
3.094936999999999827e-01 6.851610000000000200e-01
3.218981000000000203e-01 6.757651999999999548e-01
3.219020000000000215e-01 6.757577000000000167e-01
3.251741000000000215e-01 6.723232999999999571e-01
3.213384000000000240e-01 6.720580999999999916e-01
3.256083000000000172e-01 6.742093000000000114e-01
3.257046000000000108e-01 6.795499000000000400e-01
3.250580000000000136e-01 6.869851000000000152e-01
3.280835999999999752e-01 6.958988000000000396e-01
3.205809000000000020e-01 6.890686999999999784e-01
3.242493000000000181e-01 6.883882999999999530e-01
3.277437999999999740e-01 6.875293000000000099e-01
3.276662000000000186e-01 6.875261000000000289e-01
3.254232000000000236e-01 6.822979000000000127e-01
3.236511999999999722e-01 6.821253999999999929e-01
3.241026000000000185e-01 6.811068999999999596e-01
3.236799000000000204e-01 6.784388000000000085e-01
3.089078000000000102e-01 6.772848999999999675e-01
3.089078000000000102e-01 6.772848999999999675e-01
2.964362999999999859e-01 6.767819000000000473e-01
2.981132000000000226e-01 6.801989999999999981e-01
2.935152999999999790e-01 6.815522000000000524e-01
2.920314999999999994e-01 6.910355000000000247e-01
2.935669000000000195e-01 6.970971000000000251e-01
2.803057999999999939e-01 6.895506000000000135e-01
2.797985000000000055e-01 6.727737999999999774e-01
2.774923000000000251e-01 6.842188000000000159e-01
2.772187999999999874e-01 6.898876000000000452e-01
2.815561999999999787e-01 6.926582999999999490e-01
2.814401999999999737e-01 6.906255999999999506e-01
2.743019999999999903e-01 6.930568000000000284e-01
2.837487000000000203e-01 6.851213000000000442e-01
2.730292000000000274e-01 6.874618999999999591e-01
2.815866000000000202e-01 6.878841999999999457e-01
2.804840000000000111e-01 6.876600999999999964e-01
2.814896000000000065e-01 6.874244999999999939e-01
2.883413000000000226e-01 6.871871000000000507e-01
2.849256000000000011e-01 6.885506999999999600e-01
2.912832000000000199e-01 6.884295000000000275e-01
3.128933999999999882e-01 6.883249000000000173e-01
3.172103000000000006e-01 6.911964000000000441e-01
3.176073999999999842e-01 7.077793999999999475e-01
3.214313999999999782e-01 7.047328000000000481e-01
3.016558999999999768e-01 7.061058999999999530e-01
3.005269999999999886e-01 7.024067000000000505e-01
2.997170000000000112e-01 7.034310000000000285e-01
2.966100999999999877e-01 7.045896999999999855e-01
3.024053999999999909e-01 7.076208000000000498e-01
3.093729000000000062e-01 7.171056000000000097e-01
3.113369999999999749e-01 7.144970999999999961e-01
3.199548999999999865e-01 7.190668000000000060e-01
3.193766000000000105e-01 7.197843000000000435e-01
3.214619000000000226e-01 7.215951999999999922e-01
3.188087000000000004e-01 7.110391000000000350e-01
3.193990999999999914e-01 7.268478000000000439e-01
3.239327000000000178e-01 7.222045999999999744e-01
3.174348000000000170e-01 7.184485000000000454e-01
3.166596999999999884e-01 7.065344999999999542e-01
3.230787999999999993e-01 7.178615000000000412e-01
3.219091000000000036e-01 7.203376999999999697e-01
3.261397999999999797e-01 7.187860999999999834e-01
3.186297000000000157e-01 7.291311000000000320e-01
3.193482999999999739e-01 7.312857999999999858e-01
3.328289999999999860e-01 7.252615000000000034e-01
3.306503000000000081e-01 7.217426000000000119e-01
3.298251999999999851e-01 7.206939999999999458e-01
3.347516999999999854e-01 7.109151000000000220e-01
3.285621000000000236e-01 7.172431999999999697e-01
3.254842000000000013e-01 7.172121999999999664e-01
3.292110999999999787e-01 7.175190999999999653e-01
3.303737999999999952e-01 7.178776999999999520e-01
3.342181000000000179e-01 7.127109000000000361e-01
3.408032999999999757e-01 7.305488999999999455e-01
3.270510999999999835e-01 7.334249999999999936e-01
3.117754999999999832e-01 7.308670000000000444e-01
2.997158999999999796e-01 7.399006000000000194e-01
3.033376999999999879e-01 7.389670999999999879e-01
2.962481000000000142e-01 7.250408999999999882e-01
2.912278999999999840e-01 7.153658999999999990e-01
2.920951999999999993e-01 7.164418999999999649e-01
2.844787999999999761e-01 7.228419999999999845e-01
2.776950999999999725e-01 7.196839999999999904e-01
2.740077000000000207e-01 7.241275999999999824e-01
2.868999999999999884e-01 7.179259999999999531e-01
2.892802999999999902e-01 7.209972000000000047e-01
2.892145999999999884e-01 7.212625999999999760e-01
2.932003000000000248e-01 7.302262999999999948e-01
2.963030999999999859e-01 7.328179000000000221e-01
2.989324999999999899e-01 7.266795999999999811e-01
2.836779999999999857e-01 7.386228000000000238e-01
2.811212000000000155e-01 7.382946000000000231e-01
2.811609999999999943e-01 7.383399999999999963e-01
2.764381000000000199e-01 7.582512000000000141e-01
2.768681000000000059e-01 7.587526999999999466e-01
2.723205000000000209e-01 7.563393000000000477e-01
2.725717999999999752e-01 7.566507000000000094e-01
2.752671999999999897e-01 7.587755000000000472e-01
2.774511000000000061e-01 7.553128000000000064e-01
2.850337000000000010e-01 7.399480000000000501e-01
2.891291000000000277e-01 7.380263000000000240e-01
2.782352000000000158e-01 7.453174000000000188e-01
2.752906999999999993e-01 7.440326999999999913e-01
2.760091000000000072e-01 7.419459000000000470e-01
2.750077000000000216e-01 7.438154999999999628e-01
2.738802000000000181e-01 7.417318000000000522e-01
2.794762000000000080e-01 7.289419999999999789e-01
2.781753000000000142e-01 7.157569999999999766e-01
2.781092000000000009e-01 7.188771000000000466e-01
2.741662000000000265e-01 7.204367000000000409e-01
2.646836000000000189e-01 7.345087999999999617e-01
2.590656000000000070e-01 7.266631000000000062e-01
2.605581000000000147e-01 7.288563999999999599e-01
2.717106000000000243e-01 7.412109000000000059e-01
2.633264000000000160e-01 7.455224999999999769e-01
2.627392000000000061e-01 7.512090000000000156e-01
2.732659000000000060e-01 7.593978000000000117e-01
2.664575000000000138e-01 7.762191999999999981e-01
2.801896999999999860e-01 7.797669999999999879e-01
2.790922000000000125e-01 7.764875999999999445e-01
2.806039000000000172e-01 7.743079999999999963e-01
2.716898999999999842e-01 7.731308999999999543e-01
2.622566000000000064e-01 7.747631999999999852e-01
2.590900999999999899e-01 7.742240999999999707e-01
2.765152000000000165e-01 7.668357000000000090e-01
2.773771999999999904e-01 7.605868000000000073e-01
2.831959000000000004e-01 7.689572000000000074e-01
2.726747999999999950e-01 7.775914000000000437e-01
2.684133000000000213e-01 7.853331999999999535e-01
2.682012999999999758e-01 7.853092000000000406e-01
2.645835999999999744e-01 7.921926000000000245e-01
2.741715000000000124e-01 7.967862999999999474e-01
2.685549999999999882e-01 8.004227000000000425e-01
2.711856999999999740e-01 8.092557000000000222e-01
2.624985000000000235e-01 8.236725999999999770e-01
2.677995000000000236e-01 8.247569000000000150e-01
2.677995000000000236e-01 8.247569000000000150e-01
2.631835000000000147e-01 8.205620999999999610e-01
2.541185999999999723e-01 8.122831999999999830e-01
2.541185999999999723e-01 8.122831999999999830e-01
2.667895000000000127e-01 7.891871999999999776e-01
2.631602000000000108e-01 7.830584000000000433e-01
2.631602000000000108e-01 7.830584000000000433e-01
2.672565000000000079e-01 7.829443999999999848e-01
2.672565000000000079e-01 7.829443999999999848e-01
2.652278000000000135e-01 7.752293999999999574e-01
2.665097000000000160e-01 7.770063999999999860e-01
2.664520000000000222e-01 7.765452000000000465e-01
2.772891000000000106e-01 7.703527999999999487e-01
2.779783000000000115e-01 7.767912999999999624e-01
2.757610999999999812e-01 7.773400000000000309e-01
2.877393999999999785e-01 7.857760999999999774e-01
2.874689000000000272e-01 7.861960999999999533e-01
2.873948000000000058e-01 7.834463000000000399e-01
2.894532000000000216e-01 7.731491000000000335e-01
2.960319000000000145e-01 7.603014000000000161e-01
2.965314000000000005e-01 7.576081000000000065e-01
2.886022999999999783e-01 7.601156000000000024e-01
2.885308999999999791e-01 7.601198000000000121e-01
2.886336999999999930e-01 7.600386000000000086e-01
2.904718000000000022e-01 7.602501999999999871e-01
2.969795000000000074e-01 7.639941000000000093e-01
2.973668999999999896e-01 7.541333999999999538e-01
3.047713000000000227e-01 7.612636000000000402e-01
3.007705999999999991e-01 7.646513999999999811e-01
2.996056999999999748e-01 7.631839000000000262e-01
3.130917999999999757e-01 7.655817999999999790e-01
3.055670999999999804e-01 7.612575999999999787e-01
2.882665999999999840e-01 7.600675999999999544e-01
3.033838999999999841e-01 7.569352999999999776e-01
2.970684000000000102e-01 7.506264000000000269e-01
2.909423999999999899e-01 7.398090999999999973e-01
2.942075000000000107e-01 7.380997999999999726e-01
2.878445000000000031e-01 7.404074000000000488e-01
2.928992000000000262e-01 7.467527999999999944e-01
2.913194000000000061e-01 7.400415999999999661e-01
2.861905000000000143e-01 7.447926999999999742e-01
2.862563000000000191e-01 7.413897000000000403e-01
2.778638999999999970e-01 7.562605000000000022e-01
2.848304999999999865e-01 7.549957000000000473e-01
3.006441999999999726e-01 7.626669999999999838e-01
2.996459000000000206e-01 7.606979999999999853e-01
2.918193000000000037e-01 7.624444000000000221e-01
2.930194999999999883e-01 7.620156000000000152e-01
2.876284000000000063e-01 7.800496999999999570e-01
2.827903999999999973e-01 7.808245999999999798e-01
2.780421000000000142e-01 7.909831000000000500e-01
2.748236000000000012e-01 7.867311999999999639e-01
2.805964000000000236e-01 7.798899999999999721e-01
2.872060000000000168e-01 7.794404999999999806e-01
2.958934999999999760e-01 7.811637000000000164e-01
3.058532999999999946e-01 7.749213000000000351e-01
3.015335000000000099e-01 7.794379000000000168e-01
3.048744999999999927e-01 7.771573999999999982e-01
3.070641000000000065e-01 7.692267999999999883e-01
3.033658000000000188e-01 7.699403999999999693e-01
2.971547999999999967e-01 7.852141000000000259e-01
2.868237000000000148e-01 7.799565000000000525e-01
2.758875000000000077e-01 7.852609000000000394e-01
2.749824000000000157e-01 7.855353999999999948e-01
2.753962999999999828e-01 7.926680999999999866e-01
2.732169999999999876e-01 7.818235999999999519e-01
2.649178999999999840e-01 7.851787999999999546e-01
2.639484000000000274e-01 7.845731000000000233e-01
2.610009999999999830e-01 7.845309000000000310e-01
2.608663999999999983e-01 7.795250000000000234e-01
2.816145999999999927e-01 7.862964999999999538e-01
2.794461999999999779e-01 7.831696999999999687e-01
2.827505000000000157e-01 7.798114000000000434e-01
2.813768999999999854e-01 7.652309999999999945e-01
2.795149000000000106e-01 7.661991999999999692e-01
2.813485000000000014e-01 7.626526999999999612e-01
2.727970000000000117e-01 7.587009000000000114e-01
2.713213999999999904e-01 7.496787000000000312e-01
2.863034999999999886e-01 7.587076000000000375e-01
2.823258000000000156e-01 7.503343999999999570e-01
2.774565999999999977e-01 7.476802000000000170e-01
2.760701999999999878e-01 7.469924000000000008e-01
2.699698999999999849e-01 7.455095000000000471e-01
2.748203000000000173e-01 7.676243999999999845e-01
2.675427000000000222e-01 7.699956000000000023e-01
2.586530000000000218e-01 7.728690000000000282e-01
2.646796000000000149e-01 7.762105999999999728e-01
2.644153000000000198e-01 7.756752999999999565e-01
2.618073000000000206e-01 7.634111999999999565e-01
2.639495000000000036e-01 7.671561999999999548e-01
2.652386999999999939e-01 7.678074999999999761e-01
2.699960000000000138e-01 7.665433999999999859e-01
2.796513999999999944e-01 7.756068999999999880e-01
2.885235999999999912e-01 7.590883999999999965e-01
2.873816000000000148e-01 7.562626999999999544e-01
2.969857000000000191e-01 7.635277999999999787e-01
2.954632999999999843e-01 7.623111000000000193e-01
2.910609000000000113e-01 7.631438000000000388e-01
3.061823000000000183e-01 7.518972999999999907e-01
3.105113999999999930e-01 7.405709999999999793e-01
3.125708999999999849e-01 7.485081000000000095e-01
3.170954000000000272e-01 7.414530999999999761e-01
3.105546000000000140e-01 7.436928000000000427e-01
2.961621999999999866e-01 7.302408999999999706e-01
3.040892000000000039e-01 7.253640999999999561e-01
3.079279999999999795e-01 7.221119999999999761e-01
3.129364000000000035e-01 7.242332999999999688e-01
3.117819000000000007e-01 7.271180000000000421e-01
3.132867999999999764e-01 7.286424000000000234e-01
3.122819000000000011e-01 7.468496000000000024e-01
3.122781000000000029e-01 7.463653000000000093e-01
3.111683000000000088e-01 7.469588999999999812e-01
3.166912000000000060e-01 7.424705000000000332e-01
3.354205000000000103e-01 7.493883000000000072e-01
3.422144999999999770e-01 7.509040999999999633e-01
3.422144999999999770e-01 7.509040999999999633e-01
3.330909000000000231e-01 7.515920999999999852e-01
3.303479999999999750e-01 7.500656999999999464e-01
3.308163000000000076e-01 7.500590999999999786e-01
3.268673000000000273e-01 7.435270999999999963e-01
3.257681000000000049e-01 7.438392999999999811e-01
3.240873000000000226e-01 7.489744999999999875e-01
3.215710999999999986e-01 7.520769000000000482e-01
3.235326000000000035e-01 7.633733000000000324e-01
3.219329000000000218e-01 7.657279999999999642e-01
3.271459999999999924e-01 7.585433999999999788e-01
3.248105000000000020e-01 7.534785000000000510e-01
3.288376000000000077e-01 7.658019999999999827e-01
3.241255000000000108e-01 7.595062999999999676e-01
3.242291999999999952e-01 7.596882999999999830e-01
3.274408999999999792e-01 7.611704999999999721e-01
3.297136999999999984e-01 7.606452000000000213e-01
3.317664000000000168e-01 7.694410000000000416e-01
3.244792000000000232e-01 7.713685000000000125e-01
3.152582999999999913e-01 7.657872000000000012e-01
3.206281000000000270e-01 7.603642000000000456e-01
3.225085999999999786e-01 7.654832000000000303e-01
3.218579999999999774e-01 7.653976999999999586e-01
3.197616999999999821e-01 7.672128000000000281e-01
3.219032000000000004e-01 7.675077000000000149e-01
3.234792000000000223e-01 7.625296999999999770e-01
3.234792000000000223e-01 7.625296999999999770e-01
3.186763000000000234e-01 7.714438000000000129e-01
3.164879999999999916e-01 7.762809999999999988e-01
3.088271000000000210e-01 7.762778000000000178e-01
3.092417000000000082e-01 7.697283000000000319e-01
3.094284999999999952e-01 7.664646000000000514e-01
3.057832999999999801e-01 7.719184999999999519e-01
3.054168999999999912e-01 7.770854000000000372e-01
3.099765999999999910e-01 7.821643000000000345e-01
3.093689000000000022e-01 7.822365999999999486e-01
3.088734000000000202e-01 7.824297000000000057e-01
3.100370000000000070e-01 7.813999999999999835e-01
3.198714999999999753e-01 7.705560999999999661e-01
3.237491000000000119e-01 7.706977999999999884e-01
3.259199999999999875e-01 7.713860999999999635e-01
3.279138999999999804e-01 7.741666000000000381e-01
3.237361999999999740e-01 7.798947999999999992e-01
3.230430000000000246e-01 7.763113999999999848e-01
3.258228000000000235e-01 7.864997000000000238e-01
3.145853000000000121e-01 7.721440000000000525e-01
3.236374000000000195e-01 7.680856000000000350e-01
3.230376999999999832e-01 7.729097999999999802e-01
3.189416999999999947e-01 7.820745999999999531e-01
3.189051999999999998e-01 7.821059999999999679e-01
3.161861000000000255e-01 7.805159000000000402e-01
3.195551999999999837e-01 7.778587000000000140e-01
3.243653000000000231e-01 7.785452999999999957e-01
3.156649999999999734e-01 7.859825999999999757e-01
3.131105000000000138e-01 7.855045000000000499e-01
3.204292999999999725e-01 7.879635999999999862e-01
3.238763000000000059e-01 7.903930999999999596e-01
3.205245999999999928e-01 7.867488999999999733e-01
3.216772999999999993e-01 7.893016999999999950e-01
3.352038999999999991e-01 7.792033000000000431e-01
3.579505000000000048e-01 7.773364000000000384e-01
3.520323000000000202e-01 7.911215000000000330e-01
3.521560000000000246e-01 7.911802000000000001e-01
3.452520000000000033e-01 7.950372999999999468e-01
3.343237000000000014e-01 7.920148000000000188e-01
3.369255999999999918e-01 7.900875000000000536e-01
3.408462999999999909e-01 7.876594999999999569e-01
3.392676000000000025e-01 7.997009000000000478e-01
3.389732999999999774e-01 7.938625000000000265e-01
3.407630999999999855e-01 7.875826000000000215e-01
3.493613999999999886e-01 7.838502000000000525e-01
3.520143000000000022e-01 7.828536999999999857e-01
3.424687000000000148e-01 7.985236000000000001e-01
3.464497999999999744e-01 8.048322999999999450e-01
3.261183999999999750e-01 8.106082000000000010e-01
3.307392000000000110e-01 8.302591000000000276e-01
3.287605000000000111e-01 8.267573000000000283e-01
3.395318999999999976e-01 8.189581999999999695e-01
3.434150999999999732e-01 8.312722000000000167e-01
3.395985999999999727e-01 8.301408000000000120e-01
3.413876000000000133e-01 8.305095000000000116e-01
3.413876000000000133e-01 8.305095000000000116e-01
3.286068999999999796e-01 8.320895000000000374e-01
3.263994000000000062e-01 8.313568000000000069e-01
3.253971999999999976e-01 8.321688999999999892e-01
3.246344999999999925e-01 8.246759999999999646e-01
3.253313999999999928e-01 8.239155999999999702e-01
3.261322999999999861e-01 8.229621000000000297e-01
3.373283000000000253e-01 8.180163000000000295e-01
3.363954000000000111e-01 8.213101999999999903e-01
3.400350999999999790e-01 8.200072000000000472e-01
3.345542000000000238e-01 8.204299000000000452e-01
3.409979000000000204e-01 8.282941000000000331e-01
3.405890999999999780e-01 8.291378000000000359e-01
3.270758999999999750e-01 8.196335999999999622e-01
3.304695000000000271e-01 8.117638999999999827e-01
3.428938999999999737e-01 8.075537999999999883e-01
3.396848000000000090e-01 8.093660999999999772e-01
3.392916000000000265e-01 7.992795000000000316e-01
3.422046000000000254e-01 7.949232999999999993e-01
3.421876999999999835e-01 7.972392000000000367e-01
3.352433000000000218e-01 7.884041999999999994e-01
3.403279000000000165e-01 7.939884000000000386e-01
3.412787999999999933e-01 7.936320000000000041e-01
3.393688000000000260e-01 7.893059000000000047e-01
3.307877000000000178e-01 7.794284999999999686e-01
3.095322999999999825e-01 7.766456999999999944e-01
3.085182000000000202e-01 7.789392000000000538e-01
3.063301999999999969e-01 7.811069999999999958e-01
3.138161999999999896e-01 7.825269999999999726e-01
3.125195000000000056e-01 7.836828000000000127e-01
3.161032999999999760e-01 7.773286999999999836e-01
3.253881000000000134e-01 7.764780000000000015e-01
3.024592999999999865e-01 7.539580999999999644e-01
2.981545999999999919e-01 7.511010000000000186e-01
2.950215999999999950e-01 7.480225000000000346e-01
2.930453000000000086e-01 7.465226000000000361e-01
2.867172000000000054e-01 7.409130000000000438e-01
2.903473999999999777e-01 7.357453000000000465e-01
2.809800000000000075e-01 7.385595000000000354e-01
2.837623000000000228e-01 7.475587999999999678e-01
2.827841999999999856e-01 7.582723000000000102e-01
2.820876999999999968e-01 7.597893999999999481e-01
2.820876999999999968e-01 7.597893999999999481e-01
2.785873999999999850e-01 7.533495999999999526e-01
2.864020999999999928e-01 7.468565999999999816e-01
2.843315000000000148e-01 7.404587999999999726e-01
2.757197000000000120e-01 7.528700000000000392e-01
2.822898999999999825e-01 7.405901000000000289e-01
2.694516000000000133e-01 7.282669999999999977e-01
2.862873000000000223e-01 7.099874000000000462e-01
2.819135999999999864e-01 7.189621999999999957e-01
2.744961000000000206e-01 7.158206999999999764e-01
2.745338999999999974e-01 7.167084999999999706e-01
2.846053000000000055e-01 7.225475000000000092e-01
2.881112000000000117e-01 7.217358999999999858e-01
2.966058999999999779e-01 7.334372999999999587e-01
2.992723999999999940e-01 7.337656999999999652e-01
3.053058000000000161e-01 7.454473000000000349e-01
3.033503000000000172e-01 7.462090000000000112e-01
3.060865999999999865e-01 7.468664999999999887e-01
3.119274000000000213e-01 7.619719999999999827e-01
3.120143000000000222e-01 7.619639000000000273e-01
3.144443000000000099e-01 7.578953000000000495e-01
3.073738999999999777e-01 7.432826999999999629e-01
3.055646000000000195e-01 7.412107000000000001e-01
3.257166000000000228e-01 7.392691999999999597e-01
3.397633999999999932e-01 7.438656000000000157e-01
3.329931999999999892e-01 7.512476999999999627e-01
3.405743999999999994e-01 7.576899000000000273e-01
3.436190000000000078e-01 7.658797000000000521e-01
3.407074999999999965e-01 7.629639999999999755e-01
3.311110999999999915e-01 7.716355999999999771e-01
3.300115000000000132e-01 7.755697000000000285e-01
3.378588000000000147e-01 7.730782999999999960e-01
3.403249999999999886e-01 7.636903999999999915e-01
3.590447999999999973e-01 7.822440000000000504e-01
3.641797999999999980e-01 7.820747000000000115e-01
3.523541000000000034e-01 7.802850000000000064e-01
3.522042000000000228e-01 7.787074000000000495e-01
3.538000000000000034e-01 7.707024000000000097e-01
3.544063000000000074e-01 7.685302999999999995e-01
3.607093000000000105e-01 7.688007999999999509e-01
3.533566000000000207e-01 7.707406999999999453e-01
3.589491000000000209e-01 7.563965999999999745e-01
3.601700999999999930e-01 7.637739999999999529e-01
3.777539999999999787e-01 7.744005000000000472e-01
3.692567999999999961e-01 7.619586999999999888e-01
3.754157000000000188e-01 7.664801999999999449e-01
3.772996000000000127e-01 7.571841000000000266e-01
3.732692000000000232e-01 7.472609999999999530e-01
3.725666999999999729e-01 7.471227999999999758e-01
3.692272999999999805e-01 7.424545000000000172e-01
3.599786999999999848e-01 7.321069000000000049e-01
3.567930999999999742e-01 7.368609999999999882e-01
3.677344000000000168e-01 7.442138000000000364e-01
3.746339000000000197e-01 7.512105999999999506e-01
3.773274999999999824e-01 7.544562000000000213e-01
3.834442000000000128e-01 7.525914000000000215e-01
3.824759999999999827e-01 7.497317000000000009e-01
3.824759999999999827e-01 7.497317000000000009e-01
3.865720000000000267e-01 7.485589999999999744e-01
3.820781999999999790e-01 7.505950999999999596e-01
3.864464000000000232e-01 7.517127000000000114e-01
3.878412999999999999e-01 7.505262000000000322e-01
3.883206000000000158e-01 7.505414999999999726e-01
3.861831000000000014e-01 7.344340000000000312e-01
3.880630999999999942e-01 7.372815999999999814e-01
3.871346999999999983e-01 7.471864000000000283e-01
3.907633999999999830e-01 7.554661999999999766e-01
3.873406999999999822e-01 7.559438000000000546e-01
3.843934999999999991e-01 7.552562000000000442e-01
3.840815000000000201e-01 7.565825999999999940e-01
3.846355000000000190e-01 7.539097999999999633e-01
3.839621999999999757e-01 7.593239999999999990e-01
3.847749999999999782e-01 7.574047999999999892e-01
3.790629999999999833e-01 7.505414000000000252e-01
3.809663999999999828e-01 7.504549000000000358e-01
3.785161000000000220e-01 7.533244999999999525e-01
3.785161000000000220e-01 7.533244999999999525e-01
3.740968000000000071e-01 7.616857999999999684e-01
3.766161000000000092e-01 7.547300000000000120e-01
3.715225999999999806e-01 7.554049000000000458e-01
3.750342999999999871e-01 7.601174000000000541e-01
3.742306000000000243e-01 7.588662999999999936e-01
3.773579000000000239e-01 7.635927999999999605e-01
3.732445999999999819e-01 7.635425999999999602e-01
3.787304000000000226e-01 7.711704000000000336e-01
3.787304000000000226e-01 7.711704000000000336e-01
3.822911999999999977e-01 7.676180000000000225e-01
3.879953999999999903e-01 7.724800000000000555e-01
3.879953999999999903e-01 7.724800000000000555e-01
3.986782999999999855e-01 7.737361999999999851e-01
3.989712000000000258e-01 7.737429999999999586e-01
3.925911999999999735e-01 7.838874000000000120e-01
3.889359000000000011e-01 7.799916000000000071e-01
3.951581000000000121e-01 7.762831999999999510e-01
3.953092999999999746e-01 7.773271999999999959e-01
3.904325000000000156e-01 7.606859999999999733e-01
3.884760999999999909e-01 7.543929999999999803e-01
3.904301000000000021e-01 7.557422999999999780e-01
3.909695000000000253e-01 7.582010999999999612e-01
3.915564999999999740e-01 7.547064999999999468e-01
3.923194999999999877e-01 7.552465999999999902e-01
3.926324999999999954e-01 7.557540999999999842e-01
3.920377999999999918e-01 7.544197999999999737e-01
3.917617999999999934e-01 7.526399000000000283e-01
3.814150000000000040e-01 7.565555000000000474e-01
3.790062000000000153e-01 7.549635000000000096e-01
3.825098000000000109e-01 7.564819999999999878e-01
3.727681999999999940e-01 7.563244999999999552e-01
3.727681999999999940e-01 7.563244999999999552e-01
3.724174000000000095e-01 7.585458000000000478e-01
3.723739999999999828e-01 7.584874000000000338e-01
3.683676000000000172e-01 7.485017999999999949e-01
3.758793000000000273e-01 7.384186999999999834e-01
3.763659999999999783e-01 7.403838999999999837e-01
3.690539999999999932e-01 7.450721000000000149e-01
3.689781999999999784e-01 7.448626000000000413e-01
3.667062999999999851e-01 7.429902999999999924e-01
3.727277999999999980e-01 7.558082000000000411e-01
3.727871999999999852e-01 7.546587000000000156e-01
3.727871999999999852e-01 7.546587000000000156e-01
3.696017999999999804e-01 7.507025999999999977e-01
3.665076999999999918e-01 7.485918000000000294e-01
3.671178999999999970e-01 7.481858000000000120e-01
3.797446999999999906e-01 7.490301000000000320e-01
3.788583999999999841e-01 7.498483000000000231e-01
3.709046999999999761e-01 7.445241999999999694e-01
3.636802000000000090e-01 7.573767000000000138e-01
3.634395000000000264e-01 7.555623000000000200e-01
3.732742000000000004e-01 7.506637000000000448e-01
3.715685000000000238e-01 7.520202999999999749e-01
3.727913999999999950e-01 7.547095000000000331e-01
3.692526999999999893e-01 7.560101999999999656e-01
3.661461999999999772e-01 7.582851999999999926e-01
3.657141999999999893e-01 7.582761000000000084e-01
3.657141999999999893e-01 7.582761000000000084e-01
3.647569999999999979e-01 7.523712000000000177e-01
3.587259999999999893e-01 7.535950000000000149e-01
3.603980999999999990e-01 7.591757999999999562e-01
3.508017999999999970e-01 7.358183999999999836e-01
3.522813000000000194e-01 7.398822999999999928e-01
3.491196999999999773e-01 7.609725999999999990e-01
3.393516999999999784e-01 7.496201000000000114e-01
3.409654999999999769e-01 7.482303999999999622e-01
3.586772999999999767e-01 7.633615999999999735e-01
3.558958999999999873e-01 7.557314000000000531e-01
3.557520000000000127e-01 7.569015000000000049e-01
3.637785000000000046e-01 7.604832000000000258e-01
3.659224999999999839e-01 7.608814000000000410e-01
3.650444999999999940e-01 7.570997999999999895e-01
3.491145999999999971e-01 7.364570000000000283e-01
3.393330999999999986e-01 7.373800000000000354e-01
3.324336999999999986e-01 7.419240000000000279e-01
3.350266000000000077e-01 7.428709999999999480e-01
3.387467000000000117e-01 7.392796000000000367e-01
3.443043000000000076e-01 7.437205000000000066e-01
3.485952999999999968e-01 7.363207000000000502e-01
3.533701000000000203e-01 7.381478999999999679e-01
3.480607000000000006e-01 7.391212999999999811e-01
3.490059999999999829e-01 7.531027999999999611e-01
3.483090999999999826e-01 7.496656999999999904e-01
3.274924000000000168e-01 7.449839000000000322e-01
3.116003999999999996e-01 7.520529000000000241e-01
3.134886000000000061e-01 7.552216999999999958e-01
3.134886000000000061e-01 7.552216999999999958e-01
3.144736000000000198e-01 7.555870000000000086e-01
3.147689000000000181e-01 7.492615000000000247e-01
3.159986000000000184e-01 7.489455000000000418e-01
3.226930000000000076e-01 7.312469000000000330e-01
3.096445999999999921e-01 7.309879999999999711e-01
3.105203000000000269e-01 7.335327999999999848e-01
3.123639000000000276e-01 7.463419999999999499e-01
3.067856999999999945e-01 7.336356000000000543e-01
3.027258999999999922e-01 7.195413999999999977e-01
3.006857000000000002e-01 7.231739000000000361e-01
2.834845999999999755e-01 7.288002000000000091e-01
2.870439000000000185e-01 7.285091999999999679e-01
2.847713000000000050e-01 7.281659999999999799e-01
2.803497999999999823e-01 7.321851999999999805e-01
2.655095000000000094e-01 7.445123000000000157e-01
2.765804000000000040e-01 7.386355000000000004e-01
2.762473999999999763e-01 7.388012999999999941e-01
2.859825999999999757e-01 7.453222999999999931e-01
2.932159999999999767e-01 7.278337999999999752e-01
2.916657999999999751e-01 7.271566000000000418e-01
2.751788000000000012e-01 7.382815000000000349e-01
2.787608999999999781e-01 7.423530000000000406e-01
2.752594999999999903e-01 7.406838000000000033e-01
2.727446000000000037e-01 7.343769999999999465e-01
2.668259000000000047e-01 7.339423000000000474e-01
2.687743000000000215e-01 7.335874000000000006e-01
2.675803999999999960e-01 7.348409000000000191e-01
2.660577000000000081e-01 7.300284000000000217e-01
2.660426000000000180e-01 7.300562999999999914e-01
2.577420000000000266e-01 7.208613999999999855e-01
2.579068999999999945e-01 7.245911999999999908e-01
2.621930000000000094e-01 7.288864999999999927e-01
2.619553000000000020e-01 7.291716999999999782e-01
2.657623000000000069e-01 7.341174000000000310e-01
2.657643000000000089e-01 7.338904000000000538e-01
2.716182999999999792e-01 7.142994000000000288e-01
2.759939000000000142e-01 7.180874999999999897e-01
2.738876000000000088e-01 7.181022999999999712e-01
2.807980999999999949e-01 7.266382000000000119e-01
2.807980999999999949e-01 7.266382000000000119e-01
2.799236999999999975e-01 7.345388000000000472e-01
2.838570000000000260e-01 7.270864000000000216e-01
2.838532999999999751e-01 7.313074999999999992e-01
2.855185000000000084e-01 7.306582000000000354e-01
2.937693000000000110e-01 7.309577999999999909e-01
2.951594000000000162e-01 7.299989000000000061e-01
2.989185999999999788e-01 7.348341000000000456e-01
2.993926000000000087e-01 7.356620999999999855e-01
3.023823999999999956e-01 7.284325999999999857e-01
2.879959000000000269e-01 7.314216000000000051e-01
2.742337000000000247e-01 7.437808000000000197e-01
2.773476000000000274e-01 7.449329999999999563e-01
2.719250999999999752e-01 7.435850999999999988e-01
2.707108999999999766e-01 7.451896000000000075e-01
2.701131999999999977e-01 7.489672000000000551e-01
2.700830000000000175e-01 7.489487999999999701e-01
2.595273000000000163e-01 7.438390999999999753e-01
2.660128999999999966e-01 7.563256000000000423e-01
2.780097000000000262e-01 7.534644999999999815e-01
2.930454000000000114e-01 7.573535000000000128e-01
3.016787000000000218e-01 7.557757000000000502e-01
3.014362999999999904e-01 7.572092999999999741e-01
3.165659000000000112e-01 7.518287000000000164e-01
3.105472000000000232e-01 7.486040999999999945e-01
3.103382000000000085e-01 7.527030999999999583e-01
3.114203999999999861e-01 7.495251000000000552e-01
3.160058000000000034e-01 7.328208000000000499e-01
3.107370999999999883e-01 7.412535000000000096e-01
3.113096000000000196e-01 7.459557999999999467e-01
3.191468000000000083e-01 7.492045999999999983e-01
3.208985999999999783e-01 7.454682000000000253e-01
3.262176999999999993e-01 7.425093000000000387e-01
3.181386999999999965e-01 7.298651000000000444e-01
3.182502999999999860e-01 7.297297999999999840e-01
3.291593999999999909e-01 7.395933000000000090e-01
3.291593999999999909e-01 7.395933000000000090e-01
3.348426999999999931e-01 7.518502999999999714e-01
3.368182000000000120e-01 7.482109999999999594e-01
3.379951999999999956e-01 7.486196999999999990e-01
3.392175000000000051e-01 7.500088000000000310e-01
3.411635000000000084e-01 7.550483999999999529e-01
3.460118999999999834e-01 7.608770999999999729e-01
3.503508000000000178e-01 7.624404999999999655e-01
3.503508000000000178e-01 7.624404999999999655e-01
3.523823999999999845e-01 7.642257000000000078e-01
3.639531999999999767e-01 7.767296000000000200e-01
3.654272000000000076e-01 7.792356000000000282e-01
3.654614999999999947e-01 7.792565000000000186e-01
3.644178000000000139e-01 7.862548000000000314e-01
3.698141999999999818e-01 7.603505000000000402e-01
3.701326999999999812e-01 7.623876000000000541e-01
3.701326999999999812e-01 7.623876000000000541e-01
3.711722000000000077e-01 7.630801000000000389e-01
3.737549000000000010e-01 7.748952999999999536e-01
3.737624999999999975e-01 7.730717999999999757e-01
3.761613999999999791e-01 7.768296000000000090e-01
3.668699999999999739e-01 7.828715000000000535e-01
3.589379999999999793e-01 7.627005000000000035e-01
3.575244000000000200e-01 7.660913000000000306e-01
3.623989000000000238e-01 7.622027999999999581e-01
3.623513999999999902e-01 7.621774000000000049e-01
3.625390000000000001e-01 7.633470999999999451e-01
3.474021999999999943e-01 7.682280999999999693e-01
3.470631000000000133e-01 7.684134000000000242e-01
3.473628999999999745e-01 7.682558999999999916e-01
3.471167000000000002e-01 7.655410000000000270e-01
3.405698999999999810e-01 7.548006999999999911e-01
3.458302999999999794e-01 7.566034999999999844e-01
3.319657999999999776e-01 7.550666000000000322e-01
3.482508999999999744e-01 7.505996000000000334e-01
3.477787999999999990e-01 7.521476000000000273e-01
3.505990999999999969e-01 7.476532999999999651e-01
3.554700000000000082e-01 7.545066000000000273e-01
3.648209000000000035e-01 7.531830999999999943e-01
3.596602999999999883e-01 7.493313000000000335e-01
3.680502999999999969e-01 7.549084999999999823e-01
3.769012999999999947e-01 7.727171000000000456e-01
3.761768999999999807e-01 7.630991000000000302e-01
3.659807999999999950e-01 7.664526999999999868e-01
3.689817000000000236e-01 7.779475000000000140e-01
3.571385999999999727e-01 7.701162000000000285e-01
3.547292000000000223e-01 7.700363000000000069e-01
3.518311000000000077e-01 7.688614000000000281e-01
3.514712999999999865e-01 7.759040999999999855e-01
3.465285000000000171e-01 7.684126000000000012e-01
3.579528000000000154e-01 7.720086999999999922e-01
3.576385999999999732e-01 7.733115999999999879e-01
3.474142000000000063e-01 7.703322999999999698e-01
3.448651999999999829e-01 7.682681000000000093e-01
3.380087999999999981e-01 7.681440000000000490e-01
3.579146999999999745e-01 7.704204000000000052e-01
3.526024999999999854e-01 7.740190999999999599e-01
3.487455999999999889e-01 7.809977999999999643e-01
3.423414000000000179e-01 7.718121999999999483e-01
3.399512000000000089e-01 7.733480999999999828e-01
3.311325999999999992e-01 7.667758999999999547e-01
3.358270999999999895e-01 7.573699000000000403e-01
3.370753000000000221e-01 7.583621999999999863e-01
3.278469999999999995e-01 7.703655000000000364e-01
3.278068000000000093e-01 7.735062000000000326e-01
3.316565000000000207e-01 7.789673999999999765e-01
3.348584000000000005e-01 7.779279999999999529e-01
3.359883000000000175e-01 7.792455999999999827e-01
3.288211999999999802e-01 7.732862999999999820e-01
3.217022999999999966e-01 7.728675000000000406e-01
3.237091000000000274e-01 7.782284999999999897e-01
3.396314000000000277e-01 7.804837000000000025e-01
3.394871999999999890e-01 7.793261999999999690e-01
3.469575999999999771e-01 7.693105000000000082e-01
3.462822999999999873e-01 7.685714999999999630e-01
3.492373999999999756e-01 7.603155999999999803e-01
3.636307999999999763e-01 7.471685999999999606e-01
3.613536999999999999e-01 7.433528999999999831e-01
3.770984000000000003e-01 7.447650999999999577e-01
3.692029000000000005e-01 7.407527999999999890e-01
3.719828000000000023e-01 7.564916000000000418e-01
3.839863000000000026e-01 7.634492000000000500e-01
3.903345999999999760e-01 7.591120000000000090e-01
3.883104000000000000e-01 7.517869000000000357e-01
3.886782999999999766e-01 7.516197999999999491e-01
3.886782999999999766e-01 7.516197999999999491e-01
3.875223999999999891e-01 7.386875000000000524e-01
3.867541999999999924e-01 7.357063999999999826e-01
3.868182000000000009e-01 7.395298999999999623e-01
3.860598000000000085e-01 7.438831999999999667e-01
3.873608000000000051e-01 7.409797000000000189e-01
3.819145999999999930e-01 7.462212999999999763e-01
3.762907999999999809e-01 7.437451999999999952e-01
3.630900000000000238e-01 7.530904999999999960e-01
3.629645000000000232e-01 7.530864000000000447e-01
3.630771999999999888e-01 7.484682000000000279e-01
3.685237000000000096e-01 7.389392999999999656e-01
3.646015000000000228e-01 7.221535999999999511e-01
3.636860000000000093e-01 7.216985000000000205e-01
3.635341999999999740e-01 7.204091000000000244e-01
3.654398999999999842e-01 7.205926000000000275e-01
3.771587000000000134e-01 7.151488999999999763e-01
3.770847999999999978e-01 7.144281000000000104e-01
3.781383999999999856e-01 7.029478999999999589e-01
3.677591000000000054e-01 6.991017999999999954e-01
3.562585999999999808e-01 7.055455999999999950e-01
3.401446000000000192e-01 6.861667000000000183e-01
3.430479000000000167e-01 6.876189999999999802e-01
3.373578999999999883e-01 6.864491999999999816e-01
3.344125000000000014e-01 6.946459999999999857e-01
3.309304000000000134e-01 6.959214999999999707e-01
3.341398999999999897e-01 6.895715999999999513e-01
3.342399999999999816e-01 6.896870000000000500e-01
3.395857999999999932e-01 6.776801000000000075e-01
3.356243999999999894e-01 6.909745000000000470e-01
3.407742999999999745e-01 6.874953000000000314e-01
3.197051000000000198e-01 7.001705000000000290e-01
3.197051000000000198e-01 7.001705000000000290e-01
3.198754999999999793e-01 6.990361000000000491e-01
3.190054999999999974e-01 6.983099999999999863e-01
3.232751999999999848e-01 7.017027000000000125e-01
3.261830000000000007e-01 7.005941999999999448e-01
3.118570999999999982e-01 7.180716999999999794e-01
3.144699000000000244e-01 7.288489999999999691e-01
3.150379999999999847e-01 7.351900000000000102e-01
3.181939999999999769e-01 7.427996999999999517e-01
3.259895999999999905e-01 7.391478000000000215e-01
3.135444000000000009e-01 7.515266000000000446e-01
3.133724999999999983e-01 7.512189999999999701e-01
3.073714000000000168e-01 7.442290000000000294e-01
3.237013000000000251e-01 7.476287000000000349e-01
3.248479000000000227e-01 7.480090000000000350e-01
3.282833000000000001e-01 7.494631000000000487e-01
3.304131000000000151e-01 7.417477999999999572e-01
3.189636000000000138e-01 7.378732999999999542e-01
3.193538000000000210e-01 7.386097999999999830e-01
3.252735999999999961e-01 7.365646000000000138e-01
3.213520000000000265e-01 7.376006000000000506e-01
3.240425000000000111e-01 7.371451999999999449e-01
3.312139000000000055e-01 7.433807000000000054e-01
3.244968999999999770e-01 7.412748999999999588e-01
3.293349999999999889e-01 7.370936999999999628e-01
3.258597999999999772e-01 7.371763999999999539e-01
3.201038999999999968e-01 7.488660999999999790e-01
3.140390000000000126e-01 7.447892000000000401e-01
3.117500000000000271e-01 7.439767000000000463e-01
3.056460999999999761e-01 7.492594000000000198e-01
3.019195000000000073e-01 7.393317999999999834e-01
2.971833999999999865e-01 7.334192000000000489e-01
2.887636000000000092e-01 7.345494999999999663e-01
2.897337999999999858e-01 7.227341999999999933e-01
3.034811000000000036e-01 7.264718999999999482e-01
3.023160999999999765e-01 7.215053999999999634e-01
2.954172999999999938e-01 7.265129000000000170e-01
2.953445000000000098e-01 7.224931999999999466e-01
2.869399000000000255e-01 7.114118999999999859e-01
2.932260999999999895e-01 7.106067000000000355e-01
2.744114000000000275e-01 6.934863000000000000e-01
2.627802000000000193e-01 7.055183000000000426e-01
2.631027000000000227e-01 7.033949999999999925e-01
2.568054000000000170e-01 6.992182999999999593e-01
2.606306999999999929e-01 7.002971000000000057e-01
2.597788999999999793e-01 7.026173999999999475e-01
2.636777000000000148e-01 7.060241000000000433e-01
2.449945000000000039e-01 7.004662999999999862e-01
2.511023000000000005e-01 6.988860000000000072e-01
2.460871000000000031e-01 7.134939000000000142e-01
2.463672000000000084e-01 7.133315999999999546e-01
2.463672000000000084e-01 7.133315999999999546e-01
2.519251000000000129e-01 7.158700999999999537e-01
2.471537000000000039e-01 7.156145999999999896e-01
2.337741999999999876e-01 7.199824999999999697e-01
2.330620999999999943e-01 7.183060000000000000e-01
2.334073999999999871e-01 7.221284000000000036e-01
2.330452000000000079e-01 7.282277999999999807e-01
2.316365999999999981e-01 7.139474999999999572e-01
2.391427000000000136e-01 7.126261000000000401e-01
2.434337000000000029e-01 7.174266999999999728e-01
2.340220000000000078e-01 7.127202000000000259e-01
