# omega_M , omega_L
2.644998000000000071e-01 8.676884000000000263e-01
2.649924000000000168e-01 8.586667000000000050e-01
2.650747999999999993e-01 8.587069999999999981e-01
2.675807000000000047e-01 8.583724999999999827e-01
2.674204000000000025e-01 8.534848999999999908e-01
2.632912000000000030e-01 8.510391000000000483e-01
2.798125000000000195e-01 8.629025999999999641e-01
2.703267999999999782e-01 8.796416999999999708e-01
2.696880999999999862e-01 8.756842999999999710e-01
2.695858999999999894e-01 8.799103000000000341e-01
2.658126000000000100e-01 8.804562000000000221e-01
2.627303999999999751e-01 8.718879000000000490e-01
2.633208000000000215e-01 8.738814999999999777e-01
2.678845999999999727e-01 8.728006000000000375e-01
2.660633000000000026e-01 8.763235000000000330e-01
2.536621000000000015e-01 8.649892000000000136e-01
2.511974000000000151e-01 8.750655000000000516e-01
2.405033000000000032e-01 8.654475999999999836e-01
2.484048000000000089e-01 8.749464999999999604e-01
2.502642999999999951e-01 8.801889000000000518e-01
2.578029000000000015e-01 8.784659000000000217e-01
2.555391000000000190e-01 8.899945000000000217e-01
2.453776000000000013e-01 8.804197999999999746e-01
2.455336999999999936e-01 8.804412999999999823e-01
2.547345999999999777e-01 8.879901000000000044e-01
2.600395999999999819e-01 9.064630000000000187e-01
2.538355999999999946e-01 8.950396000000000463e-01
2.668036999999999770e-01 9.004883000000000193e-01
2.704728000000000132e-01 9.000270999999999688e-01
2.802171999999999996e-01 9.069439999999999724e-01
2.831513999999999975e-01 9.172508000000000328e-01
2.862809000000000048e-01 9.197904999999999553e-01
2.842218000000000244e-01 9.209391000000000105e-01
2.939471000000000167e-01 9.161869000000000263e-01
2.882424000000000097e-01 9.137570999999999888e-01
2.897363000000000022e-01 9.158922000000000452e-01
2.908290000000000042e-01 9.139601000000000530e-01
3.018315999999999777e-01 9.147790000000000088e-01
3.068569999999999909e-01 9.070399000000000100e-01
3.097111000000000169e-01 9.074430999999999470e-01
2.955613000000000268e-01 8.914469999999999894e-01
2.768441999999999847e-01 8.987365000000000492e-01
2.648471000000000020e-01 9.052468000000000181e-01
2.567172999999999816e-01 9.047387999999999542e-01
2.531452000000000147e-01 9.043584999999999541e-01
2.412322000000000077e-01 9.102791999999999550e-01
2.466187999999999991e-01 9.120812999999999837e-01
2.475719000000000114e-01 9.148231999999999475e-01
2.423101000000000005e-01 9.062727999999999895e-01
2.415262999999999993e-01 9.052362000000000464e-01
2.421455999999999886e-01 8.868721000000000521e-01
2.382184999999999997e-01 8.887431999999999555e-01
2.303176000000000112e-01 8.896703000000000250e-01
2.229244999999999977e-01 8.792714999999999836e-01
2.200072999999999890e-01 8.743147000000000002e-01
2.081920999999999911e-01 8.945651999999999493e-01
2.093595000000000039e-01 8.812231999999999843e-01
2.126390999999999976e-01 8.693456999999999990e-01
2.041425000000000045e-01 8.675543999999999478e-01
2.053443000000000074e-01 8.641364999999999741e-01
2.045106999999999897e-01 8.650126999999999677e-01
2.003584999999999949e-01 8.715201999999999671e-01
1.940009000000000039e-01 8.813754000000000310e-01
1.923737000000000086e-01 8.825366000000000044e-01
1.930761000000000005e-01 8.858179999999999943e-01
1.838915999999999884e-01 8.764288000000000078e-01
1.890891000000000099e-01 8.703425999999999663e-01
1.896156999999999981e-01 8.717892999999999892e-01
2.014304000000000094e-01 8.673676000000000164e-01
1.963017999999999985e-01 8.796505000000000019e-01
2.001705000000000012e-01 8.854714000000000196e-01
1.884448999999999985e-01 8.782178999999999958e-01
1.882002999999999870e-01 8.781474999999999698e-01
1.931186000000000014e-01 8.729139999999999677e-01
1.937207999999999986e-01 8.722895999999999983e-01
1.923093999999999915e-01 8.799643000000000326e-01
1.916229000000000127e-01 8.796943000000000401e-01
1.848090000000000011e-01 8.817844000000000237e-01
1.889386000000000121e-01 8.786374000000000128e-01
1.838391000000000053e-01 8.934752999999999723e-01
1.758335000000000037e-01 8.697599999999999776e-01
1.637848000000000082e-01 8.764437000000000477e-01
1.685030999999999890e-01 8.648188999999999460e-01
1.690032999999999952e-01 8.645167999999999742e-01
1.734216000000000091e-01 8.648304999999999465e-01
1.682051999999999992e-01 8.799681999999999782e-01
1.682381000000000015e-01 8.773294000000000370e-01
1.701266999999999918e-01 8.754127000000000436e-01
1.693835999999999953e-01 8.592587999999999893e-01
1.693835999999999953e-01 8.592587999999999893e-01
1.696454000000000018e-01 8.641548000000000007e-01
1.750726999999999978e-01 8.531490999999999936e-01
1.850277999999999923e-01 8.601670000000000149e-01
1.750568000000000124e-01 8.627968000000000304e-01
1.661765000000000048e-01 8.679620000000000113e-01
1.735905000000000087e-01 8.713927000000000200e-01
1.733609999999999873e-01 8.721662000000000026e-01
1.689689000000000052e-01 8.657215000000000327e-01
1.748930999999999958e-01 8.564787999999999846e-01
1.584529000000000076e-01 8.428415000000000212e-01
1.716364999999999974e-01 8.273985000000000367e-01
1.612592999999999943e-01 8.251692999999999945e-01
1.605698000000000125e-01 8.257965999999999918e-01
1.611064000000000107e-01 8.261899999999999800e-01
1.727076999999999918e-01 8.201133999999999924e-01
1.726374999999999993e-01 8.216335000000000166e-01
1.722287000000000123e-01 8.344392000000000476e-01
1.722885000000000111e-01 8.401942000000000021e-01
1.661375999999999964e-01 8.465049000000000046e-01
1.707714999999999927e-01 8.471277999999999864e-01
1.635836999999999986e-01 8.524378000000000233e-01
1.573809999999999931e-01 8.592284999999999506e-01
1.620597000000000010e-01 8.584148000000000334e-01
1.588776000000000077e-01 8.621699999999999919e-01
1.593130000000000102e-01 8.559356000000000186e-01
1.715470000000000050e-01 8.661706000000000127e-01
1.858970000000000067e-01 8.651961000000000235e-01
1.760951000000000044e-01 8.652069000000000010e-01
1.711976000000000053e-01 8.580263999999999669e-01
1.720597000000000099e-01 8.588879999999999848e-01
1.553858999999999935e-01 8.699521000000000059e-01
1.467026999999999914e-01 8.574403999999999915e-01
1.467026999999999914e-01 8.574403999999999915e-01
1.383996999999999866e-01 8.653984000000000121e-01
1.496570000000000122e-01 8.604948000000000041e-01
1.535546000000000133e-01 8.537420999999999482e-01
1.617116000000000109e-01 8.534781000000000173e-01
1.592527999999999999e-01 8.544861999999999735e-01
1.650039000000000089e-01 8.589052999999999827e-01
1.662363000000000035e-01 8.475473999999999508e-01
1.673783000000000076e-01 8.565241999999999578e-01
1.882823999999999887e-01 8.611290999999999807e-01
1.808549999999999880e-01 8.667677999999999772e-01
1.802006999999999914e-01 8.622014000000000067e-01
1.924938999999999956e-01 8.659656999999999494e-01
1.948877999999999999e-01 8.578972000000000264e-01
1.793335000000000068e-01 8.547844999999999471e-01
1.934320999999999957e-01 8.461322999999999483e-01
1.850958000000000048e-01 8.476717000000000279e-01
1.798833999999999989e-01 8.323205999999999660e-01
1.798833999999999989e-01 8.323205999999999660e-01
1.793108999999999953e-01 8.329303999999999597e-01
1.872909000000000102e-01 8.351332000000000200e-01
1.800579999999999958e-01 8.298237000000000529e-01
1.958324999999999927e-01 8.511005999999999849e-01
1.942977999999999927e-01 8.559586999999999612e-01
2.070029999999999926e-01 8.741160999999999515e-01
2.060825000000000018e-01 8.803725000000000023e-01
2.062016000000000127e-01 8.801240000000000174e-01
1.964120000000000033e-01 8.703482000000000163e-01
1.995609999999999884e-01 8.705865999999999882e-01
2.075748000000000038e-01 8.710191999999999934e-01
2.001306999999999947e-01 8.879799999999999915e-01
2.006758999999999904e-01 9.034497999999999696e-01
1.979984999999999939e-01 8.951413999999999760e-01
1.964763999999999955e-01 8.952413000000000176e-01
1.908865999999999896e-01 8.979416000000000064e-01
1.999577999999999911e-01 8.988021999999999956e-01
2.028039000000000092e-01 9.002795999999999577e-01
2.053250000000000075e-01 9.025528000000000439e-01
2.110227000000000075e-01 9.186231999999999731e-01
2.129150999999999960e-01 9.186254000000000364e-01
2.072086999999999957e-01 9.265065000000000106e-01
2.072086999999999957e-01 9.265065000000000106e-01
1.947065000000000046e-01 9.354120000000000212e-01
1.998930999999999902e-01 9.349288999999999517e-01
2.074859000000000009e-01 9.234014000000000388e-01
2.086959999999999926e-01 9.254094999999999960e-01
2.054420999999999886e-01 9.117452000000000334e-01
2.037849999999999939e-01 9.096689999999999499e-01
2.040546000000000026e-01 9.089688999999999686e-01
2.078214999999999923e-01 9.154392000000000085e-01
1.960302999999999907e-01 9.245718000000000547e-01
2.001332000000000111e-01 9.134613999999999789e-01
2.029411000000000131e-01 9.107796999999999699e-01
2.078165999999999902e-01 9.072675999999999519e-01
2.075461000000000111e-01 9.046184000000000447e-01
2.005872999999999962e-01 9.019148999999999639e-01
2.064731999999999956e-01 9.044813999999999909e-01
2.029992999999999936e-01 9.000540000000000207e-01
1.973129000000000133e-01 8.984520999999999757e-01
1.965107000000000104e-01 8.985790999999999640e-01
1.918649000000000049e-01 8.867264999999999731e-01
1.924124999999999863e-01 8.884389000000000314e-01
1.993962999999999985e-01 8.748061000000000309e-01
1.979327999999999921e-01 8.731868000000000407e-01
2.003882999999999914e-01 8.716464999999999907e-01
1.920995000000000064e-01 8.568755000000000122e-01
1.891917999999999933e-01 8.426495000000000513e-01
1.960293999999999925e-01 8.354932999999999943e-01
1.957102000000000008e-01 8.352665999999999702e-01
1.975859000000000087e-01 8.356141000000000263e-01
1.937530000000000086e-01 8.208638999999999797e-01
1.922147999999999912e-01 8.314586999999999950e-01
1.904685999999999879e-01 8.249045999999999879e-01
1.916218000000000088e-01 8.259809999999999652e-01
1.981775000000000064e-01 8.249754000000000254e-01
1.963627000000000011e-01 8.256520000000000525e-01
1.964056999999999886e-01 8.252426000000000483e-01
1.963377000000000039e-01 8.252456999999999709e-01
1.866391000000000022e-01 8.410999999999999588e-01
1.883887999999999951e-01 8.497871999999999648e-01
1.848184999999999967e-01 8.523429999999999618e-01
1.677279000000000131e-01 8.583197999999999661e-01
1.744243000000000043e-01 8.696888999999999870e-01
1.766858000000000040e-01 8.597626000000000435e-01
1.892331999999999903e-01 8.561429999999999874e-01
1.933302000000000076e-01 8.501423999999999648e-01
1.914083000000000034e-01 8.561668999999999530e-01
1.847329000000000054e-01 8.581052000000000124e-01
1.915943999999999980e-01 8.562994999999999912e-01
1.900026999999999966e-01 8.527892000000000250e-01
1.903369000000000033e-01 8.320469000000000337e-01
1.964693999999999885e-01 8.283268999999999771e-01
2.069520999999999999e-01 8.295223000000000457e-01
2.070227000000000039e-01 8.293538000000000299e-01
2.050435999999999925e-01 8.249651000000000067e-01
2.193649000000000016e-01 8.216002000000000027e-01
2.098030999999999924e-01 8.112143000000000548e-01
2.068699999999999983e-01 8.228136000000000339e-01
2.053297000000000039e-01 8.175890999999999575e-01
1.926949000000000023e-01 8.416987999999999692e-01
1.962801000000000129e-01 8.354762999999999495e-01
1.869940999999999964e-01 8.354141000000000483e-01
2.010643000000000014e-01 8.317350000000000021e-01
2.080482999999999916e-01 8.216339999999999755e-01
2.087971000000000132e-01 8.138043000000000360e-01
2.097430000000000128e-01 8.131905999999999857e-01
1.947581999999999924e-01 7.974902999999999853e-01
1.942334000000000005e-01 7.997436999999999463e-01
1.982138999999999984e-01 8.008728000000000513e-01
2.010707999999999940e-01 8.018929000000000196e-01
2.078425999999999885e-01 8.017598000000000225e-01
2.223803000000000030e-01 8.140153999999999446e-01
2.334517000000000120e-01 8.017083000000000403e-01
2.340220000000000078e-01 8.027737999999999818e-01
2.319998000000000060e-01 8.012656000000000223e-01
2.357768000000000086e-01 8.036841999999999597e-01
2.413609999999999922e-01 8.158976999999999480e-01
2.343113000000000001e-01 8.200927000000000078e-01
2.304429000000000061e-01 8.168893999999999878e-01
2.322085999999999872e-01 8.063894000000000339e-01
2.333166999999999880e-01 7.976324999999999665e-01
2.339662999999999882e-01 7.963970000000000216e-01
2.400446999999999997e-01 7.989435999999999760e-01
2.420798999999999868e-01 7.965946000000000415e-01
2.468988000000000016e-01 8.017899000000000553e-01
2.520488000000000173e-01 8.077657999999999783e-01
2.527288999999999786e-01 8.068657999999999664e-01
2.561528000000000138e-01 8.072578000000000253e-01
2.651676000000000033e-01 8.180007999999999724e-01
2.596308999999999978e-01 8.058720000000000327e-01
2.680144999999999889e-01 7.920578999999999814e-01
2.663205000000000156e-01 7.874031999999999698e-01
2.632596999999999854e-01 7.812375000000000291e-01
2.672762000000000193e-01 7.889635999999999871e-01
2.661195000000000088e-01 7.862105999999999817e-01
2.613317000000000001e-01 7.877370000000000205e-01
2.629696000000000256e-01 7.857505000000000184e-01
2.602414000000000116e-01 7.812314999999999676e-01
2.667044000000000081e-01 7.768258999999999581e-01
2.744847000000000259e-01 7.696465999999999585e-01
2.744847000000000259e-01 7.696465999999999585e-01
2.723605000000000054e-01 7.705790999999999613e-01
2.689871999999999819e-01 7.699549999999999450e-01
2.589316999999999869e-01 7.782757999999999621e-01
2.717103000000000157e-01 7.779466000000000436e-01
2.706212000000000062e-01 7.780475000000000030e-01
2.799349999999999894e-01 7.671810999999999492e-01
2.900764000000000120e-01 7.751915000000000333e-01
2.911726000000000036e-01 7.744349999999999845e-01
2.844079999999999941e-01 7.710152999999999590e-01
2.758835000000000037e-01 7.723151999999999795e-01
2.767080000000000095e-01 7.659825999999999580e-01
2.651444000000000023e-01 7.655452999999999841e-01
2.782246999999999915e-01 7.832358000000000375e-01
2.739679999999999893e-01 7.802896999999999750e-01
2.762291000000000052e-01 7.745123000000000424e-01
2.958225999999999911e-01 7.810736000000000345e-01
3.122847000000000262e-01 7.690787999999999514e-01
3.088678999999999730e-01 7.651189999999999936e-01
3.088524000000000269e-01 7.652438999999999769e-01
3.095105000000000217e-01 7.671259999999999746e-01
3.168254999999999821e-01 7.713362000000000274e-01
3.219409999999999772e-01 7.830470999999999959e-01
3.270793000000000172e-01 7.803185999999999733e-01
3.270630999999999955e-01 7.766882999999999981e-01
3.531251999999999724e-01 7.802322999999999897e-01
3.382721000000000200e-01 7.778562999999999450e-01
3.293393000000000015e-01 7.777549999999999741e-01
3.411362000000000005e-01 7.722236000000000100e-01
3.452351000000000170e-01 7.720502000000000198e-01
3.375407000000000268e-01 7.697203999999999713e-01
3.377172999999999981e-01 7.738251999999999908e-01
3.278555000000000219e-01 7.769943999999999740e-01
3.276098000000000066e-01 7.772088000000000330e-01
3.253017999999999743e-01 7.770181000000000449e-01
3.241967000000000043e-01 7.793628000000000222e-01
3.240733000000000086e-01 7.795471999999999957e-01
3.227860000000000174e-01 7.743961999999999790e-01
3.244101999999999819e-01 7.824084000000000039e-01
3.207441999999999793e-01 7.783428000000000013e-01
3.053930000000000256e-01 7.881500000000000172e-01
3.092331999999999859e-01 7.778296999999999572e-01
3.147608000000000072e-01 7.676800000000000290e-01
3.158936999999999995e-01 7.636441999999999952e-01
3.096547000000000049e-01 7.652814000000000005e-01
3.098653000000000102e-01 7.698901999999999690e-01
3.048132000000000064e-01 7.748601000000000516e-01
3.030971000000000082e-01 7.841462000000000154e-01
3.029099000000000097e-01 7.839874000000000009e-01
2.955656999999999868e-01 7.749861000000000111e-01
2.944910000000000028e-01 7.746996000000000437e-01
2.926619999999999777e-01 7.741109000000000462e-01
2.933775000000000133e-01 7.714220999999999995e-01
2.917184999999999917e-01 7.756127000000000438e-01
2.915582999999999925e-01 7.598283000000000120e-01
2.891449999999999854e-01 7.588907000000000291e-01
2.734106000000000036e-01 7.445140999999999565e-01
2.730748000000000064e-01 7.249031999999999698e-01
2.750547999999999882e-01 7.262804999999999955e-01
2.764373999999999998e-01 7.239948999999999968e-01
2.771178999999999726e-01 7.257548000000000332e-01
2.826325000000000087e-01 7.339468999999999577e-01
2.747353000000000156e-01 7.303159999999999652e-01
2.656407000000000074e-01 7.357995000000000507e-01
2.730916999999999928e-01 7.447799999999999976e-01
2.955444999999999878e-01 7.402906000000000208e-01
2.949211999999999945e-01 7.368031000000000441e-01
2.907255000000000256e-01 7.370309999999999917e-01
2.875737999999999905e-01 7.395568999999999615e-01
2.835080999999999851e-01 7.252773000000000136e-01
2.747955999999999732e-01 7.374895000000000200e-01
2.696724999999999817e-01 7.385199999999999543e-01
2.681915000000000271e-01 7.345013999999999710e-01
2.624459000000000097e-01 7.295142999999999489e-01
2.725729000000000068e-01 7.215426000000000339e-01
2.604950999999999794e-01 7.248407999999999518e-01
2.608705000000000052e-01 7.175196000000000351e-01
2.598273999999999861e-01 7.106468999999999703e-01
2.642465999999999982e-01 7.115877000000000452e-01
2.690359999999999974e-01 7.106310000000000127e-01
2.742570999999999759e-01 7.085228999999999555e-01
2.831560000000000188e-01 7.000956999999999875e-01
2.746968000000000187e-01 7.074399000000000104e-01
2.689509999999999956e-01 7.129961000000000215e-01
2.683195999999999914e-01 7.086152999999999480e-01
2.663540999999999825e-01 7.052838000000000163e-01
2.771196000000000215e-01 7.188160000000000105e-01
2.827683999999999753e-01 7.254296999999999551e-01
2.866211000000000175e-01 7.138537999999999828e-01
2.886019000000000223e-01 7.221482999999999652e-01
2.872712000000000043e-01 7.174165999999999599e-01
2.822417999999999871e-01 7.118029000000000162e-01
2.753764000000000212e-01 7.106352000000000224e-01
2.760201999999999933e-01 7.120467000000000324e-01
2.777928000000000064e-01 7.141345999999999528e-01
2.802990000000000204e-01 7.208761999999999670e-01
2.746460000000000012e-01 7.141998999999999986e-01
2.825778999999999930e-01 7.085759000000000363e-01
2.778471000000000135e-01 7.034837000000000451e-01
2.774127000000000121e-01 7.020326999999999540e-01
2.786899999999999933e-01 7.032205999999999735e-01
2.729170000000000207e-01 7.158427000000000540e-01
2.796552999999999956e-01 7.187230999999999481e-01
2.721500000000000030e-01 7.247403000000000040e-01
2.808725000000000249e-01 7.126772000000000107e-01
2.881660999999999806e-01 7.048423999999999801e-01
2.713088000000000166e-01 7.045924999999999550e-01
2.741224999999999912e-01 6.922846999999999751e-01
2.823436999999999752e-01 6.921285999999999827e-01
2.799514000000000169e-01 6.920891999999999600e-01
2.771372999999999753e-01 6.878727999999999509e-01
2.844193999999999889e-01 6.899199999999999777e-01
2.897273000000000209e-01 7.047755999999999466e-01
2.881150000000000100e-01 7.006040000000000045e-01
2.863229999999999942e-01 7.002629999999999688e-01
2.781224999999999947e-01 6.943823999999999552e-01
2.711776000000000186e-01 6.989830999999999683e-01
2.815780999999999978e-01 6.878199000000000396e-01
2.775076000000000209e-01 6.910671999999999926e-01
2.768586000000000102e-01 6.922148999999999663e-01
2.758213999999999944e-01 6.924346000000000112e-01
2.865283000000000135e-01 6.961228999999999889e-01
2.830471999999999988e-01 6.959570999999999952e-01
2.953526000000000207e-01 7.018642999999999965e-01
2.840308000000000277e-01 7.053905999999999787e-01
2.861889000000000238e-01 7.066278999999999755e-01
2.858385999999999982e-01 7.067558000000000451e-01
2.856528999999999874e-01 7.152722000000000246e-01
2.803298000000000179e-01 7.093414000000000108e-01
2.821713000000000138e-01 7.205894999999999939e-01
2.823817000000000133e-01 7.181665999999999883e-01
2.725218999999999836e-01 7.031336000000000253e-01
2.817125999999999797e-01 7.090532000000000501e-01
2.622781000000000140e-01 7.160653000000000157e-01
2.518913999999999875e-01 7.265728000000000186e-01
2.674207000000000112e-01 7.396658000000000399e-01
2.626116000000000006e-01 7.410432999999999604e-01
2.776950999999999725e-01 7.482052999999999621e-01
2.725961000000000078e-01 7.465952999999999617e-01
2.729288000000000269e-01 7.471826000000000301e-01
2.709362000000000159e-01 7.505555000000000421e-01
2.711964000000000041e-01 7.509753999999999596e-01
2.773816000000000059e-01 7.549217999999999762e-01
2.828679000000000054e-01 7.490501000000000520e-01
2.904933000000000098e-01 7.687464000000000519e-01
2.939367999999999981e-01 7.713598999999999872e-01
2.922744999999999926e-01 7.749371000000000453e-01
2.947949999999999737e-01 7.887699999999999712e-01
2.888169999999999904e-01 7.940042000000000488e-01
2.847746999999999917e-01 7.910629000000000133e-01
2.898873000000000144e-01 7.735345999999999611e-01
2.835489999999999955e-01 7.814744000000000135e-01
2.834960000000000258e-01 7.802620000000000111e-01
2.839168000000000247e-01 7.730787999999999549e-01
2.866195999999999744e-01 7.706851999999999592e-01
2.890152000000000276e-01 7.693716999999999917e-01
2.960937000000000152e-01 7.563493000000000022e-01
2.930571000000000148e-01 7.520831999999999518e-01
2.920522999999999869e-01 7.509738999999999720e-01
2.962543999999999733e-01 7.470776000000000083e-01
2.939540999999999960e-01 7.318122000000000238e-01
2.941804000000000086e-01 7.337793000000000232e-01
2.939379999999999771e-01 7.416007000000000016e-01
2.925810999999999829e-01 7.562577999999999800e-01
2.818119000000000041e-01 7.541900000000000270e-01
2.946999000000000146e-01 7.695452000000000403e-01
2.964627000000000234e-01 7.776570999999999900e-01
2.911704999999999988e-01 7.764393000000000544e-01
2.904825999999999797e-01 7.813963000000000436e-01
2.950157999999999947e-01 7.907963999999999549e-01
2.983097000000000110e-01 7.857501000000000069e-01
2.977187000000000028e-01 7.858243000000000311e-01
2.942987000000000242e-01 7.884233999999999964e-01
2.940376000000000101e-01 7.841803999999999997e-01
2.956814999999999860e-01 7.763514999999999722e-01
2.993013999999999952e-01 7.607291999999999943e-01
2.955956000000000139e-01 7.604271000000000225e-01
2.907524000000000219e-01 7.451851000000000447e-01
2.907797999999999772e-01 7.456506000000000522e-01
2.903515999999999875e-01 7.471465000000000467e-01
2.906909999999999772e-01 7.549721000000000348e-01
2.841797999999999824e-01 7.617717999999999989e-01
2.824739000000000000e-01 7.689515000000000100e-01
2.644822000000000006e-01 7.658112000000000252e-01
2.639079999999999759e-01 7.655477000000000531e-01
2.542553000000000174e-01 7.577907000000000393e-01
2.439659000000000133e-01 7.457428000000000390e-01
2.367842000000000002e-01 7.479405999999999555e-01
2.347866000000000120e-01 7.405804000000000276e-01
2.308186000000000127e-01 7.249563999999999453e-01
2.302257000000000053e-01 7.332830999999999655e-01
2.325554999999999983e-01 7.386878999999999529e-01
2.356254000000000126e-01 7.407717000000000329e-01
2.329305999999999877e-01 7.372045000000000403e-01
2.386707999999999885e-01 7.310328000000000381e-01
2.230251000000000039e-01 7.324110999999999816e-01
2.177655000000000007e-01 7.317932999999999799e-01
2.185002000000000055e-01 7.337274999999999769e-01
2.195610000000000062e-01 7.267825999999999453e-01
2.093927999999999900e-01 7.316357999999999473e-01
2.041434000000000026e-01 7.316046000000000493e-01
1.957878999999999869e-01 7.203952000000000133e-01
1.934767000000000015e-01 7.229839000000000127e-01
1.719617999999999980e-01 7.266555000000000097e-01
1.585971999999999937e-01 7.318035000000000512e-01
1.712754999999999972e-01 7.161300000000000443e-01
1.695388999999999924e-01 7.170627000000000528e-01
1.637647000000000130e-01 7.231467999999999785e-01
1.635396000000000072e-01 7.237915999999999794e-01
1.656134999999999968e-01 7.136540999999999579e-01
1.729452999999999963e-01 7.439010000000000344e-01
1.718134000000000050e-01 7.427508000000000443e-01
1.710925000000000085e-01 7.433925000000000116e-01
1.710962000000000038e-01 7.433961000000000041e-01
1.835651000000000088e-01 7.430942999999999854e-01
1.800644000000000133e-01 7.451761999999999553e-01
1.862060000000000104e-01 7.479278000000000315e-01
1.861778000000000044e-01 7.472866999999999704e-01
1.945369000000000126e-01 7.480527000000000148e-01
1.935080000000000133e-01 7.478485000000000271e-01
2.070632000000000028e-01 7.490518000000000454e-01
2.070632000000000028e-01 7.490518000000000454e-01
1.955510000000000026e-01 7.622761999999999594e-01
1.927987999999999924e-01 7.617380000000000262e-01
1.907455000000000123e-01 7.555745999999999851e-01
1.942010999999999876e-01 7.440670000000000339e-01
2.060546000000000044e-01 7.433604000000000323e-01
2.077537999999999885e-01 7.428306999999999549e-01
2.039594999999999880e-01 7.389858000000000260e-01
1.973743000000000025e-01 7.386479999999999713e-01
1.983873999999999915e-01 7.454477999999999938e-01
2.020329999999999904e-01 7.427768999999999622e-01
2.040298999999999863e-01 7.386373999999999995e-01
2.068008000000000068e-01 7.385513999999999690e-01
2.118597000000000119e-01 7.416148000000000184e-01
2.033776999999999946e-01 7.312859999999999916e-01
2.111455999999999888e-01 7.357340999999999465e-01
2.075735999999999970e-01 7.376871999999999874e-01
2.162245999999999890e-01 7.484625999999999779e-01
2.114280000000000048e-01 7.476365999999999845e-01
2.233551000000000009e-01 7.435494999999999743e-01
2.195651999999999882e-01 7.333117000000000107e-01
2.154892999999999947e-01 7.230467000000000422e-01
2.133593000000000017e-01 7.278056999999999999e-01
2.092375999999999958e-01 7.393735000000000168e-01
2.031488999999999934e-01 7.264123999999999581e-01
2.100442999999999893e-01 7.108959999999999724e-01
2.105615000000000125e-01 7.108546000000000031e-01
2.257879999999999887e-01 7.156476999999999977e-01
2.257879999999999887e-01 7.156476999999999977e-01
2.244330999999999965e-01 7.317626999999999882e-01
2.212350999999999901e-01 7.238255999999999579e-01
2.160868999999999984e-01 7.195721000000000478e-01
2.154440999999999995e-01 7.238809999999999967e-01
2.191313000000000011e-01 7.266962999999999617e-01
1.974934999999999885e-01 7.267620000000000191e-01
2.057854000000000072e-01 7.345403999999999822e-01
2.035965999999999887e-01 7.274555999999999800e-01
1.979840999999999962e-01 7.344456999999999791e-01
1.886034000000000044e-01 7.398512999999999895e-01
1.891556000000000071e-01 7.344325000000000436e-01
1.891556000000000071e-01 7.344325000000000436e-01
1.897225999999999912e-01 7.376852999999999883e-01
1.868200999999999889e-01 7.496977999999999698e-01
1.871791999999999900e-01 7.503161999999999887e-01
1.909399999999999986e-01 7.558051999999999548e-01
1.996504000000000056e-01 7.510390999999999595e-01
1.995042999999999955e-01 7.486080000000000512e-01
1.942457999999999962e-01 7.479059000000000124e-01
1.895273000000000096e-01 7.499344000000000010e-01
1.929240000000000121e-01 7.544819000000000386e-01
1.792198000000000124e-01 7.635283999999999960e-01
1.788422000000000067e-01 7.626110999999999862e-01
1.887498999999999982e-01 7.459464000000000095e-01
1.891525000000000012e-01 7.372273000000000298e-01
1.884540000000000104e-01 7.361452000000000551e-01
1.926740000000000119e-01 7.409542000000000073e-01
1.896790999999999894e-01 7.514032000000000489e-01
1.893808999999999909e-01 7.505425999999999487e-01
1.815820999999999963e-01 7.494410999999999712e-01
1.817779999999999951e-01 7.438295999999999797e-01
1.790642000000000067e-01 7.410484000000000515e-01
1.770482999999999918e-01 7.455232000000000525e-01
1.987272999999999956e-01 7.520040999999999531e-01
1.985899999999999888e-01 7.516561999999999966e-01
2.010100999999999971e-01 7.554404000000000119e-01
2.106819000000000053e-01 7.459255999999999664e-01
2.268982999999999972e-01 7.321826000000000167e-01
2.309787000000000090e-01 7.306190000000000184e-01
2.495592000000000088e-01 7.449156999999999584e-01
2.405492999999999937e-01 7.494163000000000352e-01
2.385841999999999963e-01 7.535378999999999827e-01
2.344424999999999981e-01 7.430223000000000244e-01
2.351640000000000119e-01 7.370343000000000311e-01
2.340227000000000002e-01 7.332505000000000273e-01
2.247464999999999880e-01 7.397468000000000377e-01
2.320242999999999889e-01 7.368181999999999787e-01
2.354115999999999986e-01 7.331830999999999765e-01
2.379297999999999969e-01 7.404340000000000366e-01
2.365109999999999990e-01 7.256742000000000470e-01
2.292444999999999899e-01 7.325047000000000086e-01
2.303795999999999899e-01 7.282880000000000464e-01
2.292224999999999957e-01 7.298818999999999724e-01
2.289470999999999867e-01 7.308360000000000412e-01
2.335479000000000027e-01 7.382387999999999728e-01
2.362888999999999962e-01 7.328092999999999968e-01
2.362434999999999952e-01 7.323083000000000231e-01
2.206982000000000110e-01 7.259373000000000076e-01
2.270445000000000102e-01 7.220336000000000531e-01
2.330068999999999890e-01 7.309364999999999890e-01
2.323024999999999951e-01 7.384211999999999998e-01
2.315122000000000013e-01 7.397774000000000294e-01
2.290718999999999950e-01 7.397903000000000118e-01
2.419993000000000005e-01 7.416032000000000179e-01
2.460829999999999962e-01 7.413667999999999925e-01
2.452401999999999915e-01 7.406625999999999488e-01
2.449774999999999869e-01 7.410058999999999951e-01
2.603750000000000231e-01 7.436804999999999666e-01
2.750856999999999886e-01 7.462088000000000054e-01
2.782320999999999822e-01 7.438090000000000535e-01
2.572998000000000229e-01 7.401284000000000196e-01
2.555146999999999835e-01 7.379248999999999947e-01
2.492922999999999945e-01 7.324268000000000445e-01
2.486849999999999894e-01 7.236025000000000373e-01
2.487331000000000125e-01 7.208423999999999943e-01
2.530407000000000073e-01 7.272920999999999969e-01
2.664718999999999838e-01 7.126147999999999927e-01
2.820484999999999798e-01 7.050944999999999574e-01
2.819226000000000232e-01 7.068029999999999591e-01
2.982419000000000042e-01 7.004297000000000439e-01
2.868481999999999976e-01 6.858708000000000027e-01
2.867120000000000224e-01 6.906018000000000434e-01
2.894868999999999915e-01 6.917440000000000255e-01
2.920519999999999783e-01 6.930047000000000290e-01
2.989401999999999893e-01 6.984641000000000322e-01
2.852882999999999947e-01 7.072028000000000203e-01
2.788057999999999925e-01 7.024939999999999518e-01
2.807271000000000072e-01 6.968406999999999796e-01
2.838380999999999821e-01 6.860072999999999865e-01
2.835017000000000231e-01 6.856978999999999713e-01
2.876604999999999857e-01 6.786356000000000055e-01
2.867703999999999809e-01 6.827130999999999617e-01
2.823237000000000108e-01 6.899790999999999563e-01
3.056096999999999841e-01 6.745138000000000522e-01
3.027310999999999752e-01 6.739173000000000524e-01
2.998967000000000160e-01 6.732268999999999615e-01
2.858227999999999880e-01 6.805491999999999653e-01
2.827825999999999951e-01 6.775244999999999740e-01
2.744859000000000049e-01 6.774122000000000199e-01
2.774331999999999909e-01 6.772917000000000520e-01
2.793512000000000217e-01 6.795706000000000246e-01
2.625391000000000252e-01 6.693599000000000077e-01
2.590075000000000016e-01 6.792789999999999662e-01
2.763516999999999779e-01 6.758332000000000228e-01
2.595443000000000056e-01 6.788041000000000214e-01
2.583384000000000236e-01 6.686349999999999794e-01
2.555904999999999982e-01 6.703896999999999773e-01
2.461257000000000028e-01 6.586594000000000060e-01
2.442387000000000030e-01 6.561633999999999523e-01
2.429573999999999900e-01 6.525115999999999694e-01
2.571390000000000065e-01 6.578511999999999693e-01
2.546666000000000207e-01 6.554172999999999805e-01
2.526407999999999987e-01 6.565280999999999478e-01
2.491844000000000003e-01 6.500837999999999894e-01
2.365786000000000000e-01 6.498386999999999913e-01
2.434469999999999967e-01 6.437292000000000014e-01
2.436473999999999862e-01 6.509694999999999787e-01
2.476076999999999861e-01 6.562248000000000525e-01
2.473737000000000019e-01 6.561333000000000304e-01
2.473412000000000111e-01 6.569215000000000471e-01
2.503334999999999866e-01 6.539411000000000529e-01
2.569954999999999878e-01 6.520205000000000028e-01
2.570214000000000110e-01 6.518734000000000472e-01
2.567833999999999950e-01 6.488467999999999458e-01
2.742732999999999977e-01 6.529348999999999847e-01
2.794550000000000090e-01 6.473086999999999591e-01
2.916302000000000061e-01 6.551394999999999857e-01
2.849904999999999800e-01 6.442860999999999727e-01
2.880975000000000064e-01 6.374193999999999694e-01
3.115605000000000180e-01 6.351695000000000535e-01
3.100447000000000064e-01 6.325117999999999574e-01
3.170898999999999801e-01 6.398882000000000181e-01
3.208911999999999876e-01 6.352210999999999830e-01
3.201936000000000226e-01 6.477889999999999482e-01
3.197971000000000008e-01 6.524334999999999996e-01
3.177660999999999958e-01 6.358983999999999748e-01
3.192550000000000110e-01 6.386186999999999836e-01
3.193528999999999951e-01 6.296583000000000041e-01
3.186492000000000213e-01 6.318726999999999538e-01
3.178466999999999820e-01 6.302739000000000535e-01
3.157615999999999756e-01 6.350877000000000328e-01
3.176964999999999928e-01 6.333760999999999974e-01
3.217381999999999742e-01 6.214062000000000197e-01
3.215418999999999916e-01 6.198120000000000296e-01
3.218930999999999876e-01 6.316344000000000403e-01
3.199021000000000226e-01 6.315825999999999940e-01
3.218232999999999788e-01 6.171195999999999904e-01
2.981630000000000114e-01 6.155888000000000471e-01
2.885458000000000189e-01 6.142716999999999761e-01
2.872714000000000101e-01 6.266403000000000389e-01
2.793052999999999786e-01 6.233125999999999944e-01
2.789048000000000083e-01 6.279898999999999898e-01
2.776737000000000233e-01 6.278297000000000461e-01
2.823056999999999928e-01 6.255357999999999752e-01
2.809587000000000057e-01 6.258723000000000480e-01
2.814635999999999805e-01 6.201134999999999842e-01
2.804449999999999998e-01 6.223372000000000348e-01
2.780276999999999887e-01 6.234018000000000059e-01
2.901362000000000108e-01 6.199537000000000520e-01
2.916773999999999756e-01 6.230080000000000062e-01
2.948103000000000251e-01 6.301582999999999490e-01
2.926644999999999941e-01 6.278774000000000299e-01
2.946563999999999850e-01 6.262598999999999805e-01
2.868589000000000278e-01 6.421734000000000053e-01
2.868589000000000278e-01 6.421734000000000053e-01
3.009163000000000254e-01 6.406646999999999759e-01
2.957293999999999756e-01 6.374050999999999467e-01
2.914243999999999724e-01 6.381694999999999451e-01
2.966381000000000157e-01 6.370742000000000349e-01
2.999107999999999774e-01 6.380093000000000014e-01
3.115592999999999835e-01 6.344256000000000340e-01
3.139267000000000030e-01 6.220742000000000216e-01
3.087310999999999805e-01 6.372039999999999926e-01
3.155731999999999982e-01 6.233813000000000271e-01
3.084546000000000232e-01 6.269040999999999642e-01
3.063918999999999948e-01 6.281685999999999659e-01
3.067111000000000143e-01 6.284809000000000090e-01
3.063074000000000074e-01 6.288369000000000320e-01
3.100441999999999920e-01 6.258580000000000254e-01
3.151553999999999744e-01 6.187732000000000232e-01
3.242018999999999873e-01 6.181006000000000000e-01
3.283776999999999946e-01 6.225880999999999776e-01
3.489058999999999910e-01 6.296616999999999909e-01
3.455889999999999795e-01 6.298517000000000143e-01
3.444765000000000188e-01 6.303083000000000435e-01
3.432907000000000042e-01 6.427675000000000471e-01
3.456454999999999944e-01 6.429458000000000117e-01
3.471007999999999871e-01 6.438013000000000208e-01
3.504299000000000164e-01 6.574179999999999469e-01
3.437151999999999985e-01 6.533803000000000250e-01
3.292286999999999852e-01 6.410099999999999687e-01
3.292935000000000167e-01 6.405416999999999916e-01
3.340580000000000216e-01 6.363672000000000217e-01
3.417629999999999835e-01 6.310972000000000248e-01
3.354900000000000104e-01 6.312151000000000289e-01
3.368568000000000118e-01 6.363849000000000311e-01
3.218097999999999792e-01 6.356547000000000169e-01
3.172496000000000205e-01 6.325646000000000324e-01
3.035808999999999869e-01 6.455621999999999749e-01
3.051783000000000134e-01 6.387526999999999511e-01
3.049646999999999775e-01 6.384199999999999875e-01
2.983319999999999861e-01 6.384484999999999744e-01
2.993047999999999820e-01 6.364522000000000235e-01
3.048705999999999916e-01 6.385458000000000522e-01
3.137232999999999827e-01 6.249225999999999948e-01
3.140897999999999746e-01 6.263834999999999820e-01
3.186963999999999908e-01 6.256623999999999519e-01
3.186905999999999906e-01 6.329304000000000041e-01
3.161229999999999873e-01 6.326034999999999853e-01
3.153057000000000221e-01 6.347281000000000173e-01
3.036578999999999806e-01 6.420274000000000258e-01
2.991080999999999879e-01 6.445530000000000426e-01
3.023836999999999775e-01 6.467479999999999896e-01
2.976573000000000135e-01 6.495805999999999525e-01
3.021182000000000034e-01 6.541903000000000024e-01
2.916732000000000213e-01 6.521894000000000302e-01
2.899961999999999818e-01 6.500086000000000475e-01
2.834361000000000241e-01 6.452638000000000540e-01
2.814570000000000127e-01 6.525009000000000503e-01
2.810935999999999990e-01 6.520030999999999466e-01
2.524045999999999790e-01 6.317353999999999470e-01
2.501974000000000142e-01 6.315781999999999785e-01
2.399769999999999959e-01 6.301598999999999950e-01
2.430725999999999998e-01 6.408179000000000514e-01
2.310147999999999924e-01 6.425073000000000034e-01
2.452464000000000033e-01 6.533503000000000505e-01
2.585483000000000087e-01 6.605974000000000013e-01
2.553906000000000232e-01 6.509989999999999943e-01
2.509259999999999824e-01 6.441879999999999828e-01
2.460279999999999967e-01 6.359620000000000273e-01
2.478515000000000024e-01 6.463978999999999697e-01
2.419810000000000016e-01 6.289249000000000089e-01
2.318985000000000074e-01 6.058495999999999881e-01
2.400496000000000019e-01 6.220738000000000101e-01
2.380558000000000118e-01 6.304520999999999598e-01
2.366824999999999901e-01 6.331909999999999483e-01
2.401259000000000032e-01 6.307199000000000000e-01
2.515660000000000118e-01 6.242921000000000165e-01
2.412043000000000104e-01 6.212039999999999784e-01
2.432090000000000085e-01 6.205028000000000210e-01
2.434700999999999949e-01 6.207110000000000127e-01
2.588757999999999893e-01 6.198502999999999652e-01
2.601099000000000050e-01 6.179835999999999663e-01
2.587039999999999895e-01 6.180103000000000124e-01
2.587903999999999760e-01 6.210065999999999642e-01
2.587780000000000080e-01 6.210681999999999592e-01
2.544711000000000056e-01 6.275865000000000471e-01
2.540398999999999852e-01 6.268046999999999924e-01
2.583785000000000109e-01 6.263739999999999863e-01
2.373481000000000063e-01 6.283577000000000190e-01
2.350773999999999919e-01 6.344735000000000236e-01
2.380618999999999930e-01 6.414509000000000460e-01
2.474752000000000063e-01 6.257156000000000384e-01
2.386259000000000019e-01 6.334275000000000322e-01
2.366430999999999951e-01 6.388806999999999681e-01
2.356402999999999970e-01 6.328926999999999747e-01
2.373502999999999863e-01 6.323307000000000233e-01
2.440933000000000130e-01 6.456404999999999506e-01
2.432957000000000036e-01 6.453134999999999843e-01
2.357412000000000118e-01 6.408916999999999531e-01
2.350827000000000055e-01 6.374522999999999717e-01
2.344227999999999867e-01 6.272315000000000529e-01
2.241443999999999936e-01 6.311755000000000004e-01
2.337249000000000132e-01 6.287059000000000397e-01
2.468433999999999906e-01 6.239940999999999960e-01
2.541116999999999959e-01 6.208236000000000310e-01
2.545222999999999791e-01 6.231018000000000390e-01
2.548281000000000018e-01 6.234011000000000413e-01
2.548914999999999931e-01 6.233674999999999633e-01
2.742302999999999824e-01 6.339409000000000294e-01
2.739481999999999751e-01 6.341236000000000095e-01
2.738961999999999786e-01 6.351094000000000461e-01
2.740882000000000041e-01 6.344041999999999737e-01
2.739596000000000253e-01 6.342683000000000071e-01
2.696578000000000030e-01 6.269913000000000292e-01
2.707692999999999905e-01 6.158004999999999729e-01
2.641881999999999842e-01 6.132581999999999756e-01
2.747927000000000008e-01 6.177061000000000357e-01
2.747762000000000260e-01 6.181929999999999925e-01
2.877003000000000199e-01 6.131847000000000270e-01
2.827976999999999852e-01 6.101607999999999477e-01
2.828154999999999974e-01 6.070894000000000013e-01
2.751241999999999854e-01 6.126707999999999599e-01
2.767205999999999833e-01 6.148213999999999624e-01
2.591867999999999950e-01 6.262752999999999792e-01
2.586748999999999854e-01 6.228063000000000349e-01
2.486700000000000021e-01 6.119997999999999827e-01
2.423520999999999870e-01 6.119489999999999652e-01
2.397157000000000038e-01 6.184058000000000055e-01
2.256272000000000000e-01 6.146013000000000170e-01
2.288701999999999959e-01 6.136139999999999928e-01
2.286662999999999890e-01 6.107955999999999941e-01
2.267327000000000092e-01 6.232982000000000244e-01
2.159674000000000038e-01 6.196888000000000396e-01
2.179930999999999952e-01 6.122182000000000457e-01
2.200846999999999942e-01 6.132803000000000004e-01
2.341258999999999979e-01 6.197340000000000071e-01
2.490063000000000137e-01 6.188004000000000282e-01
2.508855999999999864e-01 6.110681999999999503e-01
2.486441000000000068e-01 6.129037000000000512e-01
2.480947000000000013e-01 6.164425000000000043e-01
2.445371000000000072e-01 6.172522000000000286e-01
2.467601000000000100e-01 6.167930999999999830e-01
2.346304999999999918e-01 6.292697000000000429e-01
2.247079999999999911e-01 6.224931999999999688e-01
2.247519000000000045e-01 6.225007999999999653e-01
2.214552999999999938e-01 6.057365999999999584e-01
2.241429000000000060e-01 6.078061999999999632e-01
2.216509000000000118e-01 6.090695000000000414e-01
2.210830000000000017e-01 6.093718000000000190e-01
2.162991999999999970e-01 6.092102999999999824e-01
2.149780000000000024e-01 6.143298999999999843e-01
2.159571999999999881e-01 6.095308999999999866e-01
2.151122000000000034e-01 6.085011000000000170e-01
2.150297999999999932e-01 6.109869999999999468e-01
2.148079999999999989e-01 6.093868999999999536e-01
2.126183000000000101e-01 6.011573000000000055e-01
2.116616000000000053e-01 6.036059999999999759e-01
2.167082999999999926e-01 6.047928000000000193e-01
2.308611999999999886e-01 6.215334000000000136e-01
2.212379999999999902e-01 6.117116999999999694e-01
2.292955999999999883e-01 6.125070000000000237e-01
2.292482999999999882e-01 6.127030999999999450e-01
2.291742999999999975e-01 6.126369999999999871e-01
2.250408000000000130e-01 6.070526000000000533e-01
2.215136000000000049e-01 6.049411000000000094e-01
2.220498999999999945e-01 6.053013999999999895e-01
2.251514000000000015e-01 5.921830000000000149e-01
2.245902999999999927e-01 5.927774999999999572e-01
2.329739000000000115e-01 5.932201000000000279e-01
2.307951000000000030e-01 5.959145999999999610e-01
2.297897000000000134e-01 5.957635999999999488e-01
2.201398999999999995e-01 5.949997999999999676e-01
2.198170000000000124e-01 5.919294999999999973e-01
2.294424999999999937e-01 5.860743999999999954e-01
2.375012999999999985e-01 5.746295999999999626e-01
2.599056000000000144e-01 5.686069000000000262e-01
2.685925000000000118e-01 5.607946000000000319e-01
2.656922999999999924e-01 5.567714000000000274e-01
2.678560999999999859e-01 5.587026000000000492e-01
2.682683000000000151e-01 5.592173000000000282e-01
2.685752000000000139e-01 5.516866999999999743e-01
2.702384999999999926e-01 5.510146999999999684e-01
2.704205000000000081e-01 5.520920000000000272e-01
2.718387999999999916e-01 5.478975000000000373e-01
2.716277999999999748e-01 5.477345000000000130e-01
2.586972000000000160e-01 5.672458999999999696e-01
2.584690000000000043e-01 5.838436000000000181e-01
2.508886000000000172e-01 5.813979000000000230e-01
2.579449999999999799e-01 5.965787000000000173e-01
2.556596999999999897e-01 5.977160000000000251e-01
2.647382999999999820e-01 5.963167999999999802e-01
2.680281999999999942e-01 5.994570999999999650e-01
2.760580000000000256e-01 5.963772000000000517e-01
2.768318000000000167e-01 5.868478999999999779e-01
2.730600000000000249e-01 5.864055000000000240e-01
2.728938000000000197e-01 5.868347000000000424e-01
2.724511000000000016e-01 5.877223999999999782e-01
2.760196999999999790e-01 5.870178999999999814e-01
2.700272000000000228e-01 5.947130000000000472e-01
2.757179000000000157e-01 5.913245999999999780e-01
2.733882999999999730e-01 5.861469999999999736e-01
2.741785999999999945e-01 5.895647000000000526e-01
2.741055000000000019e-01 5.903635000000000410e-01
2.739870999999999834e-01 5.925141999999999909e-01
2.740530999999999939e-01 5.925162999999999958e-01
2.766467000000000231e-01 6.037133999999999556e-01
2.899417000000000244e-01 6.110282000000000213e-01
2.871149000000000062e-01 6.133931000000000244e-01
2.915111000000000230e-01 6.244473999999999858e-01
2.814907999999999855e-01 6.191624000000000017e-01
2.900281000000000109e-01 6.269856000000000318e-01
2.996893999999999947e-01 6.244011999999999896e-01
3.023302999999999963e-01 6.248534999999999506e-01
3.017235999999999807e-01 6.273030000000000550e-01
3.061628000000000127e-01 6.239677999999999614e-01
3.068028999999999895e-01 6.234404000000000057e-01
2.993088999999999889e-01 6.238534000000000024e-01
2.903590999999999811e-01 6.217559000000000280e-01
3.071264000000000216e-01 6.217125999999999486e-01
3.144117000000000162e-01 6.221098999999999934e-01
3.063948000000000227e-01 6.393577000000000288e-01
3.185187999999999908e-01 6.449348000000000303e-01
3.234799999999999898e-01 6.413404999999999800e-01
3.244369999999999754e-01 6.444292999999999827e-01
3.241994000000000264e-01 6.452058000000000515e-01
3.205394999999999772e-01 6.500093999999999594e-01
3.123493999999999993e-01 6.506136999999999615e-01
3.156143000000000143e-01 6.610460000000000225e-01
3.126356000000000135e-01 6.786621999999999932e-01
3.088847000000000120e-01 6.780300000000000216e-01
3.092904000000000209e-01 6.864225999999999939e-01
3.034226999999999896e-01 6.849998999999999949e-01
3.036160999999999999e-01 6.849830999999999559e-01
2.829099999999999948e-01 6.917389000000000454e-01
2.818317000000000183e-01 6.922382000000000257e-01
2.821355999999999864e-01 6.933032999999999557e-01
2.653860000000000108e-01 7.026084000000000218e-01
2.661948000000000092e-01 7.021954000000000251e-01
2.530525000000000135e-01 7.020680000000000254e-01
2.433870999999999951e-01 6.875447999999999560e-01
2.440663999999999889e-01 6.991608000000000267e-01
2.539062999999999737e-01 6.975837000000000288e-01
2.624037000000000175e-01 6.969106000000000467e-01
2.625842999999999927e-01 6.979570999999999970e-01
2.602292999999999967e-01 6.962494000000000183e-01
2.590568999999999789e-01 6.923306000000000182e-01
2.524274000000000240e-01 7.010391999999999735e-01
2.516486000000000001e-01 6.882340000000000124e-01
2.531745000000000245e-01 6.881283000000000261e-01
2.561189999999999856e-01 6.971245000000000358e-01
2.568493000000000026e-01 7.001230999999999982e-01
2.522768000000000232e-01 7.057539000000000451e-01
2.529588999999999865e-01 6.994278000000000439e-01
2.602388999999999952e-01 7.068438000000000221e-01
2.622861000000000220e-01 7.082306000000000434e-01
2.696961999999999970e-01 7.147213999999999512e-01
2.696443000000000034e-01 7.147531999999999774e-01
2.691491999999999774e-01 7.072416000000000258e-01
2.661495999999999862e-01 7.110575000000000090e-01
2.656828999999999996e-01 7.164814000000000460e-01
2.731420999999999988e-01 7.233855000000000146e-01
2.685939999999999994e-01 7.169465999999999894e-01
2.761599000000000137e-01 7.234218999999999511e-01
2.686580000000000079e-01 7.327755000000000241e-01
2.712625000000000175e-01 7.351389000000000395e-01
2.715661999999999798e-01 7.342324000000000073e-01
2.685411999999999799e-01 7.381459000000000215e-01
2.699732000000000243e-01 7.386972000000000538e-01
2.801768000000000036e-01 7.328723999999999794e-01
2.814769999999999772e-01 7.321358999999999506e-01
2.870810999999999780e-01 7.166439999999999477e-01
2.878561000000000036e-01 7.170849999999999724e-01
2.924438999999999789e-01 7.097078999999999471e-01
3.033711000000000046e-01 7.116858999999999824e-01
3.002941000000000082e-01 7.121941999999999995e-01
3.015554999999999763e-01 7.269446999999999992e-01
3.072107000000000032e-01 7.301001999999999770e-01
3.094475999999999893e-01 7.290227000000000235e-01
3.105453000000000241e-01 7.296597999999999695e-01
3.124232000000000120e-01 7.278242999999999796e-01
2.952766000000000002e-01 7.414887999999999479e-01
2.888048999999999755e-01 7.306152000000000202e-01
2.892887000000000097e-01 7.317854000000000303e-01
2.898445000000000049e-01 7.329961000000000393e-01
2.816505999999999732e-01 7.338071000000000454e-01
2.814751999999999810e-01 7.268078999999999512e-01
2.864684000000000119e-01 7.205234999999999834e-01
2.810942000000000163e-01 7.161809999999999565e-01
2.821590999999999960e-01 7.128436000000000217e-01
2.839334000000000024e-01 6.970374999999999766e-01
2.871418000000000026e-01 7.110319000000000500e-01
2.836446000000000245e-01 7.068307000000000340e-01
2.929647000000000223e-01 6.960551000000000377e-01
2.962976999999999972e-01 6.936780999999999642e-01
2.973648999999999876e-01 6.960614999999999997e-01
2.973648999999999876e-01 6.960614999999999997e-01
3.041743000000000086e-01 6.966259999999999675e-01
3.107503999999999822e-01 6.881026999999999560e-01
3.113920000000000021e-01 6.874192999999999554e-01
3.116570000000000173e-01 6.858737999999999779e-01
3.233114999999999739e-01 6.867699999999999916e-01
3.241841999999999779e-01 6.938121000000000427e-01
3.219989999999999797e-01 6.945322999999999913e-01
3.137178999999999940e-01 6.746550999999999521e-01
3.024886999999999992e-01 6.751840999999999537e-01
3.033977999999999953e-01 6.782388000000000305e-01
3.036648000000000125e-01 6.793964000000000114e-01
2.975861000000000200e-01 6.816936999999999580e-01
2.898928000000000060e-01 6.705988999999999978e-01
2.889462999999999893e-01 6.604322999999999722e-01
2.888104000000000227e-01 6.602293999999999663e-01
2.920964999999999812e-01 6.746079999999999854e-01
2.926188000000000122e-01 6.675474999999999604e-01
2.872270000000000101e-01 6.616092999999999558e-01
2.765857999999999928e-01 6.578391000000000099e-01
2.707267999999999897e-01 6.602995000000000392e-01
2.620958999999999928e-01 6.630865999999999705e-01
2.594998000000000027e-01 6.605541000000000329e-01
2.662786999999999793e-01 6.573358999999999730e-01
2.712684000000000206e-01 6.535507000000000399e-01
2.756344000000000016e-01 6.572907999999999529e-01
2.597025000000000028e-01 6.570243999999999529e-01
2.585789000000000004e-01 6.580646999999999469e-01
2.466870999999999925e-01 6.584723999999999577e-01
2.397129000000000065e-01 6.592649999999999899e-01
2.370561999999999947e-01 6.608437000000000339e-01
