# omega_M , omega_L
3.475635999999999726e-01 4.890692999999999846e-01
3.475635999999999726e-01 4.890692999999999846e-01
3.365739999999999843e-01 5.418806000000000456e-01
3.365739999999999843e-01 5.418806000000000456e-01
3.124287000000000036e-01 5.662838000000000038e-01
3.124287000000000036e-01 5.662838000000000038e-01
3.124287000000000036e-01 5.662838000000000038e-01
2.852805999999999953e-01 5.809408000000000349e-01
2.722876000000000185e-01 6.272436000000000123e-01
2.131785999999999959e-01 5.841825000000000490e-01
2.131785999999999959e-01 5.841825000000000490e-01
2.131785999999999959e-01 5.841825000000000490e-01
1.781154000000000071e-01 5.882859000000000282e-01
1.592712000000000017e-01 5.276469000000000298e-01
1.615095000000000003e-01 5.291559999999999597e-01
1.615095000000000003e-01 5.291559999999999597e-01
1.937493000000000132e-01 5.163385000000000336e-01
2.019668000000000019e-01 5.244263000000000119e-01
