# omega_L, omega_K, weight
7.986100000000000421e-01 2.013900000000000134e-01 1.000000000000000000e+00
7.986100000000000421e-01 2.013900000000000134e-01 3.000000000000000000e+00
8.005100000000000549e-01 1.994900000000000007e-01 2.000000000000000000e+00
8.005100000000000549e-01 1.994900000000000007e-01 3.000000000000000000e+00
8.005100000000000549e-01 1.994900000000000007e-01 3.000000000000000000e+00
8.005100000000000549e-01 1.994900000000000007e-01 3.000000000000000000e+00
8.005100000000000549e-01 1.994900000000000007e-01 3.000000000000000000e+00
7.951599999999999779e-01 2.048399999999999943e-01 1.000000000000000000e+00
7.951599999999999779e-01 2.048399999999999943e-01 3.000000000000000000e+00
7.913299999999999779e-01 2.086699999999999944e-01 1.000000000000000000e+00
7.913299999999999779e-01 2.086699999999999944e-01 3.000000000000000000e+00
7.913299999999999779e-01 2.086699999999999944e-01 3.000000000000000000e+00
7.913299999999999779e-01 2.086699999999999944e-01 3.000000000000000000e+00
7.900399999999999645e-01 2.099600000000000077e-01 1.000000000000000000e+00
7.900399999999999645e-01 2.099600000000000077e-01 3.000000000000000000e+00
7.651999999999999913e-01 2.348000000000000087e-01 1.000000000000000000e+00
7.614300000000000512e-01 2.385700000000000043e-01 1.000000000000000000e+00
7.614300000000000512e-01 2.385700000000000043e-01 3.000000000000000000e+00
7.434399999999999897e-01 2.565600000000000103e-01 1.000000000000000000e+00
7.434399999999999897e-01 2.565600000000000103e-01 3.000000000000000000e+00
7.333499999999999464e-01 2.666499999999999981e-01 1.000000000000000000e+00
7.333499999999999464e-01 2.666499999999999981e-01 3.000000000000000000e+00
7.297000000000000153e-01 2.702999999999999847e-01 1.000000000000000000e+00
7.132899999999999796e-01 2.867100000000000204e-01 1.000000000000000000e+00
7.132899999999999796e-01 2.867100000000000204e-01 3.000000000000000000e+00
6.509500000000000286e-01 3.490500000000000269e-01 1.000000000000000000e+00
6.509500000000000286e-01 3.490500000000000269e-01 3.000000000000000000e+00
6.491200000000000303e-01 3.508800000000000252e-01 1.000000000000000000e+00
6.491200000000000303e-01 3.508800000000000252e-01 3.000000000000000000e+00
6.491200000000000303e-01 3.508800000000000252e-01 3.000000000000000000e+00
6.530799999999999939e-01 3.469200000000000061e-01 2.000000000000000000e+00
6.530799999999999939e-01 3.469200000000000061e-01 3.000000000000000000e+00
6.474400000000000155e-01 3.525599999999999845e-01 1.000000000000000000e+00
6.133699999999999708e-01 3.866299999999999737e-01 1.000000000000000000e+00
5.998299999999999743e-01 4.001700000000000257e-01 1.000000000000000000e+00
5.998299999999999743e-01 4.001700000000000257e-01 3.000000000000000000e+00
5.998299999999999743e-01 4.001700000000000257e-01 3.000000000000000000e+00
5.998299999999999743e-01 4.001700000000000257e-01 3.000000000000000000e+00
5.698900000000000077e-01 4.301099999999999923e-01 1.000000000000000000e+00
5.653899999999999482e-01 4.346099999999999963e-01 1.000000000000000000e+00
5.653899999999999482e-01 4.346099999999999963e-01 3.000000000000000000e+00
5.653899999999999482e-01 4.346099999999999963e-01 3.000000000000000000e+00
5.705000000000000071e-01 4.294999999999999929e-01 2.000000000000000000e+00
5.705000000000000071e-01 4.294999999999999929e-01 3.000000000000000000e+00
5.591300000000000159e-01 4.408699999999999841e-01 1.000000000000000000e+00
5.458399999999999919e-01 4.541600000000000081e-01 1.000000000000000000e+00
4.985100000000000087e-01 5.014899999999999913e-01 1.000000000000000000e+00
4.822600000000000220e-01 5.177399999999999780e-01 1.000000000000000000e+00
4.822600000000000220e-01 5.177399999999999780e-01 3.000000000000000000e+00
4.822600000000000220e-01 5.177399999999999780e-01 3.000000000000000000e+00
4.474799999999999889e-01 5.525200000000000111e-01 1.000000000000000000e+00
4.459099999999999731e-01 5.540899999999999714e-01 1.000000000000000000e+00
4.395200000000000218e-01 5.604799999999999782e-01 1.000000000000000000e+00
4.603499999999999814e-01 5.396499999999999631e-01 2.000000000000000000e+00
4.637600000000000056e-01 5.362400000000000500e-01 2.000000000000000000e+00
4.547999999999999821e-01 5.452000000000000179e-01 1.000000000000000000e+00
4.494299999999999962e-01 5.505700000000000038e-01 1.000000000000000000e+00
4.494299999999999962e-01 5.505700000000000038e-01 3.000000000000000000e+00
4.327400000000000135e-01 5.672599999999999865e-01 1.000000000000000000e+00
4.183999999999999941e-01 5.816000000000000059e-01 1.000000000000000000e+00
3.267300000000000204e-01 6.732700000000000351e-01 1.000000000000000000e+00
3.375099999999999767e-01 6.624900000000000233e-01 2.000000000000000000e+00
3.375099999999999767e-01 6.624900000000000233e-01 3.000000000000000000e+00
3.375099999999999767e-01 6.624900000000000233e-01 3.000000000000000000e+00
3.375099999999999767e-01 6.624900000000000233e-01 3.000000000000000000e+00
3.190500000000000003e-01 6.809500000000000552e-01 1.000000000000000000e+00
3.342700000000000116e-01 6.657300000000000439e-01 2.000000000000000000e+00
2.734300000000000064e-01 7.265700000000000491e-01 1.000000000000000000e+00
2.734300000000000064e-01 7.265700000000000491e-01 3.000000000000000000e+00
2.842799999999999772e-01 7.157200000000000228e-01 2.000000000000000000e+00
2.842799999999999772e-01 7.157200000000000228e-01 3.000000000000000000e+00
3.181899999999999729e-01 6.818100000000000271e-01 2.000000000000000000e+00
2.494399999999999951e-01 7.505600000000000049e-01 1.000000000000000000e+00
2.647499999999999853e-01 7.352499999999999591e-01 1.000000000000000000e+00
2.532300000000000106e-01 7.467700000000000449e-01 2.000000000000000000e+00
2.579500000000000126e-01 7.420499999999999874e-01 1.000000000000000000e+00
2.568599999999999772e-01 7.431400000000000228e-01 2.000000000000000000e+00
2.783100000000000018e-01 7.216900000000000537e-01 1.000000000000000000e+00
2.783100000000000018e-01 7.216900000000000537e-01 3.000000000000000000e+00
2.902899999999999925e-01 7.097099999999999520e-01 2.000000000000000000e+00
2.817500000000000004e-01 7.182500000000000551e-01 1.000000000000000000e+00
2.697800000000000198e-01 7.302199999999999802e-01 2.000000000000000000e+00
2.526399999999999757e-01 7.473600000000000243e-01 2.000000000000000000e+00
2.625899999999999901e-01 7.374100000000000099e-01 1.000000000000000000e+00
2.445700000000000096e-01 7.554300000000000459e-01 2.000000000000000000e+00
2.798399999999999777e-01 7.201600000000000223e-01 1.000000000000000000e+00
2.754199999999999982e-01 7.245800000000000018e-01 1.000000000000000000e+00
2.474399999999999933e-01 7.525600000000000067e-01 2.000000000000000000e+00
2.519199999999999773e-01 7.480799999999999672e-01 1.000000000000000000e+00
2.648800000000000043e-01 7.351199999999999957e-01 1.000000000000000000e+00
2.951599999999999779e-01 7.048400000000000221e-01 2.000000000000000000e+00
2.942000000000000171e-01 7.057999999999999829e-01 1.000000000000000000e+00
2.942000000000000171e-01 7.057999999999999829e-01 3.000000000000000000e+00
2.769199999999999995e-01 7.230799999999999450e-01 1.000000000000000000e+00
2.676499999999999990e-01 7.323499999999999455e-01 2.000000000000000000e+00
2.643800000000000039e-01 7.356200000000000516e-01 2.000000000000000000e+00
2.288600000000000079e-01 7.711400000000000476e-01 2.000000000000000000e+00
3.050800000000000178e-01 6.949199999999999822e-01 1.000000000000000000e+00
3.034299999999999775e-01 6.965700000000000225e-01 1.000000000000000000e+00
3.020499999999999852e-01 6.979499999999999593e-01 1.000000000000000000e+00
3.032199999999999895e-01 6.967799999999999550e-01 2.000000000000000000e+00
3.032199999999999895e-01 6.967799999999999550e-01 3.000000000000000000e+00
2.628900000000000126e-01 7.371100000000000430e-01 1.000000000000000000e+00
2.446000000000000119e-01 7.553999999999999604e-01 2.000000000000000000e+00
2.330000000000000127e-01 7.670000000000000151e-01 2.000000000000000000e+00
2.330000000000000127e-01 7.670000000000000151e-01 3.000000000000000000e+00
2.330000000000000127e-01 7.670000000000000151e-01 3.000000000000000000e+00
2.330000000000000127e-01 7.670000000000000151e-01 3.000000000000000000e+00
2.034999999999999865e-01 7.964999999999999858e-01 2.000000000000000000e+00
2.979499999999999926e-01 7.020499999999999519e-01 1.000000000000000000e+00
3.176300000000000234e-01 6.823700000000000321e-01 2.000000000000000000e+00
3.176300000000000234e-01 6.823700000000000321e-01 3.000000000000000000e+00
3.263300000000000090e-01 6.736699999999999910e-01 2.000000000000000000e+00
3.263300000000000090e-01 6.736699999999999910e-01 3.000000000000000000e+00
3.263300000000000090e-01 6.736699999999999910e-01 3.000000000000000000e+00
3.589499999999999913e-01 6.410500000000000087e-01 2.000000000000000000e+00
3.595400000000000262e-01 6.404600000000000293e-01 2.000000000000000000e+00
3.536599999999999744e-01 6.463400000000000256e-01 1.000000000000000000e+00
3.240399999999999947e-01 6.759600000000000053e-01 1.000000000000000000e+00
3.246999999999999886e-01 6.753000000000000114e-01 2.000000000000000000e+00
2.718400000000000261e-01 7.281600000000000295e-01 1.000000000000000000e+00
2.718400000000000261e-01 7.281600000000000295e-01 3.000000000000000000e+00
2.826199999999999823e-01 7.173800000000000177e-01 2.000000000000000000e+00
3.224199999999999844e-01 6.775799999999999601e-01 2.000000000000000000e+00
3.184699999999999753e-01 6.815299999999999692e-01 1.000000000000000000e+00
3.287999999999999812e-01 6.712000000000000188e-01 2.000000000000000000e+00
3.331000000000000072e-01 6.669000000000000483e-01 2.000000000000000000e+00
3.692699999999999871e-01 6.307300000000000129e-01 2.000000000000000000e+00
3.692699999999999871e-01 6.307300000000000129e-01 3.000000000000000000e+00
3.692699999999999871e-01 6.307300000000000129e-01 3.000000000000000000e+00
3.692699999999999871e-01 6.307300000000000129e-01 3.000000000000000000e+00
3.580599999999999894e-01 6.419399999999999551e-01 1.000000000000000000e+00
3.715600000000000014e-01 6.284399999999999986e-01 2.000000000000000000e+00
4.027200000000000224e-01 5.972800000000000331e-01 2.000000000000000000e+00
4.157500000000000084e-01 5.842500000000000471e-01 2.000000000000000000e+00
4.157399999999999984e-01 5.842600000000000016e-01 1.000000000000000000e+00
4.130900000000000127e-01 5.869100000000000428e-01 1.000000000000000000e+00
3.910799999999999832e-01 6.089200000000000168e-01 1.000000000000000000e+00
3.912800000000000167e-01 6.087200000000000388e-01 2.000000000000000000e+00
3.912800000000000167e-01 6.087200000000000388e-01 3.000000000000000000e+00
3.912800000000000167e-01 6.087200000000000388e-01 3.000000000000000000e+00
3.517000000000000126e-01 6.482999999999999874e-01 1.000000000000000000e+00
3.488700000000000134e-01 6.511299999999999866e-01 1.000000000000000000e+00
3.488700000000000134e-01 6.511299999999999866e-01 3.000000000000000000e+00
3.488700000000000134e-01 6.511299999999999866e-01 3.000000000000000000e+00
3.488700000000000134e-01 6.511299999999999866e-01 3.000000000000000000e+00
3.488700000000000134e-01 6.511299999999999866e-01 3.000000000000000000e+00
3.488700000000000134e-01 6.511299999999999866e-01 3.000000000000000000e+00
2.793800000000000172e-01 7.206200000000000383e-01 1.000000000000000000e+00
2.356300000000000061e-01 7.643699999999999939e-01 2.000000000000000000e+00
1.772900000000000031e-01 8.227100000000000524e-01 2.000000000000000000e+00
2.129000000000000059e-01 7.871000000000000218e-01 1.000000000000000000e+00
2.532499999999999751e-01 7.467500000000000249e-01 1.000000000000000000e+00
3.057300000000000018e-01 6.942700000000000538e-01 2.000000000000000000e+00
3.104399999999999937e-01 6.895599999999999508e-01 2.000000000000000000e+00
3.104399999999999937e-01 6.895599999999999508e-01 3.000000000000000000e+00
3.408999999999999808e-01 6.591000000000000192e-01 2.000000000000000000e+00
3.408999999999999808e-01 6.591000000000000192e-01 3.000000000000000000e+00
3.157400000000000206e-01 6.842599999999999794e-01 1.000000000000000000e+00
2.951300000000000034e-01 7.048699999999999966e-01 1.000000000000000000e+00
2.935599999999999876e-01 7.064399999999999569e-01 1.000000000000000000e+00
2.658900000000000152e-01 7.341100000000000403e-01 1.000000000000000000e+00
2.937199999999999811e-01 7.062800000000000189e-01 2.000000000000000000e+00
2.937199999999999811e-01 7.062800000000000189e-01 3.000000000000000000e+00
2.611800000000000233e-01 7.388200000000000323e-01 1.000000000000000000e+00
2.630000000000000115e-01 7.369999999999999885e-01 1.000000000000000000e+00
2.875800000000000023e-01 7.124200000000000532e-01 1.000000000000000000e+00
2.560399999999999898e-01 7.439599999999999547e-01 2.000000000000000000e+00
3.078099999999999725e-01 6.921899999999999720e-01 2.000000000000000000e+00
2.970999999999999752e-01 7.028999999999999693e-01 1.000000000000000000e+00
2.403000000000000136e-01 7.597000000000000419e-01 2.000000000000000000e+00
2.462699999999999889e-01 7.537300000000000111e-01 1.000000000000000000e+00
2.477499999999999980e-01 7.522499999999999742e-01 1.000000000000000000e+00
2.477499999999999980e-01 7.522499999999999742e-01 3.000000000000000000e+00
2.470199999999999896e-01 7.529799999999999827e-01 2.000000000000000000e+00
2.556300000000000239e-01 7.443699999999999761e-01 1.000000000000000000e+00
2.736000000000000099e-01 7.264000000000000457e-01 1.000000000000000000e+00
2.736000000000000099e-01 7.264000000000000457e-01 3.000000000000000000e+00
2.530499999999999972e-01 7.469500000000000028e-01 2.000000000000000000e+00
2.598599999999999799e-01 7.401400000000000201e-01 1.000000000000000000e+00
2.632900000000000240e-01 7.367099999999999760e-01 1.000000000000000000e+00
2.389699999999999880e-01 7.610299999999999843e-01 2.000000000000000000e+00
2.389699999999999880e-01 7.610299999999999843e-01 3.000000000000000000e+00
2.215900000000000092e-01 7.784100000000000463e-01 2.000000000000000000e+00
2.325399999999999967e-01 7.674600000000000311e-01 1.000000000000000000e+00
2.451899999999999913e-01 7.548099999999999810e-01 1.000000000000000000e+00
2.426099999999999923e-01 7.573900000000000077e-01 2.000000000000000000e+00
2.372100000000000042e-01 7.627899999999999681e-01 2.000000000000000000e+00
2.372100000000000042e-01 7.627899999999999681e-01 3.000000000000000000e+00
2.379799999999999971e-01 7.620200000000000307e-01 1.000000000000000000e+00
2.475100000000000078e-01 7.524899999999999922e-01 1.000000000000000000e+00
2.475100000000000078e-01 7.524899999999999922e-01 3.000000000000000000e+00
2.470799999999999941e-01 7.529200000000000337e-01 2.000000000000000000e+00
2.125900000000000012e-01 7.874100000000000543e-01 2.000000000000000000e+00
2.157799999999999996e-01 7.842200000000000282e-01 1.000000000000000000e+00
2.710899999999999976e-01 7.289099999999999469e-01 1.000000000000000000e+00
2.425400000000000056e-01 7.574600000000000222e-01 2.000000000000000000e+00
2.226299999999999946e-01 7.773700000000000054e-01 2.000000000000000000e+00
2.214099999999999957e-01 7.785900000000000043e-01 2.000000000000000000e+00
2.456099999999999950e-01 7.543900000000000050e-01 1.000000000000000000e+00
3.151200000000000112e-01 6.848800000000000443e-01 2.000000000000000000e+00
3.395199999999999885e-01 6.604799999999999560e-01 2.000000000000000000e+00
3.519100000000000006e-01 6.480900000000000549e-01 2.000000000000000000e+00
3.516500000000000181e-01 6.483499999999999819e-01 1.000000000000000000e+00
3.693100000000000271e-01 6.306899999999999729e-01 2.000000000000000000e+00
3.693100000000000271e-01 6.306899999999999729e-01 3.000000000000000000e+00
3.693100000000000271e-01 6.306899999999999729e-01 3.000000000000000000e+00
3.576500000000000234e-01 6.423499999999999766e-01 1.000000000000000000e+00
3.180899999999999839e-01 6.819100000000000161e-01 1.000000000000000000e+00
3.184699999999999753e-01 6.815299999999999692e-01 2.000000000000000000e+00
2.452499999999999958e-01 7.547500000000000320e-01 1.000000000000000000e+00
2.759599999999999831e-01 7.240400000000000169e-01 1.000000000000000000e+00
2.759599999999999831e-01 7.240400000000000169e-01 3.000000000000000000e+00
2.205100000000000116e-01 7.794900000000000162e-01 2.000000000000000000e+00
2.682999999999999829e-01 7.317000000000000171e-01 1.000000000000000000e+00
2.713900000000000201e-01 7.286099999999999799e-01 1.000000000000000000e+00
2.949999999999999845e-01 7.049999999999999600e-01 2.000000000000000000e+00
2.839599999999999902e-01 7.160400000000000098e-01 1.000000000000000000e+00
2.891699999999999826e-01 7.108299999999999619e-01 2.000000000000000000e+00
2.933700000000000196e-01 7.066299999999999804e-01 2.000000000000000000e+00
3.054499999999999993e-01 6.945500000000000007e-01 2.000000000000000000e+00
2.993799999999999795e-01 7.006200000000000205e-01 1.000000000000000000e+00
2.717499999999999916e-01 7.282499999999999529e-01 1.000000000000000000e+00
2.709300000000000042e-01 7.290699999999999958e-01 2.000000000000000000e+00
2.775699999999999834e-01 7.224300000000000166e-01 1.000000000000000000e+00
2.822200000000000264e-01 7.177799999999999736e-01 2.000000000000000000e+00
2.848399999999999821e-01 7.151600000000000179e-01 2.000000000000000000e+00
2.869300000000000184e-01 7.130699999999999816e-01 2.000000000000000000e+00
2.494000000000000106e-01 7.506000000000000449e-01 2.000000000000000000e+00
2.486299999999999899e-01 7.513699999999999823e-01 2.000000000000000000e+00
2.402400000000000091e-01 7.597599999999999909e-01 2.000000000000000000e+00
2.218299999999999994e-01 7.781700000000000284e-01 2.000000000000000000e+00
2.200300000000000034e-01 7.799700000000000522e-01 2.000000000000000000e+00
2.192300000000000082e-01 7.807699999999999640e-01 2.000000000000000000e+00
2.192300000000000082e-01 7.807699999999999640e-01 3.000000000000000000e+00
2.206799999999999873e-01 7.793200000000000127e-01 1.000000000000000000e+00
2.206799999999999873e-01 7.793200000000000127e-01 3.000000000000000000e+00
2.162199999999999955e-01 7.837800000000000322e-01 2.000000000000000000e+00
2.154899999999999871e-01 7.845100000000000406e-01 2.000000000000000000e+00
2.154899999999999871e-01 7.845100000000000406e-01 3.000000000000000000e+00
2.720099999999999740e-01 7.279900000000000260e-01 1.000000000000000000e+00
2.736799999999999788e-01 7.263199999999999656e-01 1.000000000000000000e+00
3.079100000000000170e-01 6.920899999999999830e-01 2.000000000000000000e+00
3.079100000000000170e-01 6.920899999999999830e-01 3.000000000000000000e+00
3.079100000000000170e-01 6.920899999999999830e-01 3.000000000000000000e+00
3.079100000000000170e-01 6.920899999999999830e-01 3.000000000000000000e+00
2.886000000000000232e-01 7.114000000000000323e-01 1.000000000000000000e+00
3.196800000000000197e-01 6.803200000000000358e-01 2.000000000000000000e+00
2.960300000000000153e-01 7.039699999999999847e-01 1.000000000000000000e+00
2.634400000000000075e-01 7.365599999999999925e-01 1.000000000000000000e+00
2.053999999999999992e-01 7.945999999999999730e-01 2.000000000000000000e+00
2.011400000000000132e-01 7.988600000000000145e-01 2.000000000000000000e+00
1.972200000000000064e-01 8.027800000000000491e-01 2.000000000000000000e+00
2.160700000000000121e-01 7.839300000000000157e-01 1.000000000000000000e+00
2.438299999999999912e-01 7.561700000000000088e-01 1.000000000000000000e+00
2.867000000000000104e-01 7.133000000000000451e-01 1.000000000000000000e+00
2.307700000000000029e-01 7.692299999999999693e-01 2.000000000000000000e+00
2.355399999999999994e-01 7.644600000000000284e-01 1.000000000000000000e+00
2.687100000000000044e-01 7.312899999999999956e-01 1.000000000000000000e+00
3.028500000000000081e-01 6.971500000000000474e-01 2.000000000000000000e+00
3.361600000000000144e-01 6.638399999999999856e-01 2.000000000000000000e+00
3.361600000000000144e-01 6.638399999999999856e-01 3.000000000000000000e+00
3.317999999999999838e-01 6.682000000000000162e-01 1.000000000000000000e+00
2.804200000000000026e-01 7.195799999999999974e-01 1.000000000000000000e+00
2.804200000000000026e-01 7.195799999999999974e-01 3.000000000000000000e+00
2.804200000000000026e-01 7.195799999999999974e-01 3.000000000000000000e+00
2.802299999999999791e-01 7.197700000000000209e-01 1.000000000000000000e+00
2.871699999999999808e-01 7.128299999999999637e-01 2.000000000000000000e+00
2.871699999999999808e-01 7.128299999999999637e-01 3.000000000000000000e+00
2.872700000000000253e-01 7.127299999999999747e-01 2.000000000000000000e+00
2.874300000000000188e-01 7.125700000000000367e-01 2.000000000000000000e+00
2.874300000000000188e-01 7.125700000000000367e-01 3.000000000000000000e+00
2.638900000000000134e-01 7.361100000000000421e-01 2.000000000000000000e+00
2.828800000000000203e-01 7.171199999999999797e-01 1.000000000000000000e+00
2.217300000000000104e-01 7.782700000000000173e-01 2.000000000000000000e+00
2.360099999999999976e-01 7.639899999999999469e-01 1.000000000000000000e+00
2.919100000000000028e-01 7.080899999999999972e-01 1.000000000000000000e+00
3.075700000000000101e-01 6.924299999999999899e-01 2.000000000000000000e+00
3.075700000000000101e-01 6.924299999999999899e-01 3.000000000000000000e+00
3.075700000000000101e-01 6.924299999999999899e-01 3.000000000000000000e+00
3.152599999999999847e-01 6.847400000000000153e-01 2.000000000000000000e+00
3.152599999999999847e-01 6.847400000000000153e-01 3.000000000000000000e+00
3.006099999999999883e-01 6.993899999999999562e-01 1.000000000000000000e+00
2.476299999999999890e-01 7.523699999999999832e-01 2.000000000000000000e+00
2.324700000000000100e-01 7.675300000000000455e-01 2.000000000000000000e+00
3.295699999999999741e-01 6.704299999999999704e-01 2.000000000000000000e+00
3.295699999999999741e-01 6.704299999999999704e-01 3.000000000000000000e+00
2.934899999999999731e-01 7.065099999999999714e-01 1.000000000000000000e+00
3.102500000000000258e-01 6.897499999999999742e-01 2.000000000000000000e+00
2.638699999999999934e-01 7.361299999999999510e-01 1.000000000000000000e+00
2.904599999999999960e-01 7.095399999999999485e-01 2.000000000000000000e+00
2.589400000000000035e-01 7.410600000000000520e-01 2.000000000000000000e+00
3.059000000000000052e-01 6.941000000000000503e-01 2.000000000000000000e+00
3.059000000000000052e-01 6.941000000000000503e-01 3.000000000000000000e+00
3.047900000000000054e-01 6.952099999999999946e-01 1.000000000000000000e+00
3.047900000000000054e-01 6.952099999999999946e-01 3.000000000000000000e+00
2.437600000000000044e-01 7.562400000000000233e-01 2.000000000000000000e+00
2.437600000000000044e-01 7.562400000000000233e-01 3.000000000000000000e+00
2.440199999999999869e-01 7.559799999999999853e-01 1.000000000000000000e+00
1.593499999999999917e-01 8.406500000000000083e-01 2.000000000000000000e+00
1.752900000000000014e-01 8.247100000000000541e-01 1.000000000000000000e+00
2.012200000000000100e-01 7.987800000000000455e-01 1.000000000000000000e+00
1.997800000000000131e-01 8.002200000000000424e-01 2.000000000000000000e+00
2.080200000000000105e-01 7.919800000000000173e-01 1.000000000000000000e+00
2.216200000000000114e-01 7.783799999999999608e-01 1.000000000000000000e+00
2.223299999999999998e-01 7.776699999999999724e-01 1.000000000000000000e+00
2.226200000000000123e-01 7.773799999999999599e-01 1.000000000000000000e+00
2.689300000000000024e-01 7.310699999999999976e-01 1.000000000000000000e+00
2.713200000000000056e-01 7.286799999999999944e-01 1.000000000000000000e+00
2.876400000000000068e-01 7.123599999999999932e-01 2.000000000000000000e+00
2.997400000000000064e-01 7.002599999999999936e-01 2.000000000000000000e+00
1.816899999999999904e-01 8.183099999999999818e-01 2.000000000000000000e+00
2.400400000000000034e-01 7.599599999999999689e-01 1.000000000000000000e+00
2.267899999999999916e-01 7.732099999999999529e-01 2.000000000000000000e+00
2.260800000000000032e-01 7.739200000000000523e-01 2.000000000000000000e+00
2.221499999999999864e-01 7.778500000000000414e-01 2.000000000000000000e+00
2.702100000000000057e-01 7.297900000000000498e-01 1.000000000000000000e+00
3.167099999999999915e-01 6.832899999999999530e-01 2.000000000000000000e+00
2.954200000000000159e-01 7.045799999999999841e-01 1.000000000000000000e+00
3.427200000000000246e-01 6.572799999999999754e-01 2.000000000000000000e+00
3.284699999999999842e-01 6.715299999999999603e-01 1.000000000000000000e+00
3.284699999999999842e-01 6.715299999999999603e-01 3.000000000000000000e+00
3.140299999999999758e-01 6.859699999999999687e-01 1.000000000000000000e+00
2.771000000000000130e-01 7.228999999999999870e-01 1.000000000000000000e+00
3.042000000000000259e-01 6.957999999999999741e-01 2.000000000000000000e+00
2.978000000000000091e-01 7.022000000000000464e-01 1.000000000000000000e+00
3.031699999999999950e-01 6.968299999999999494e-01 2.000000000000000000e+00
2.978999999999999981e-01 7.020999999999999464e-01 1.000000000000000000e+00
2.931000000000000272e-01 7.068999999999999728e-01 1.000000000000000000e+00
2.774599999999999844e-01 7.225399999999999601e-01 1.000000000000000000e+00
2.837200000000000277e-01 7.162800000000000278e-01 2.000000000000000000e+00
2.837200000000000277e-01 7.162800000000000278e-01 3.000000000000000000e+00
2.338500000000000023e-01 7.661499999999999977e-01 2.000000000000000000e+00
2.360200000000000076e-01 7.639799999999999924e-01 1.000000000000000000e+00
2.589299999999999935e-01 7.410700000000000065e-01 1.000000000000000000e+00
2.336100000000000121e-01 7.663900000000000157e-01 2.000000000000000000e+00
2.448200000000000098e-01 7.551799999999999624e-01 1.000000000000000000e+00
2.222399999999999931e-01 7.777600000000000069e-01 2.000000000000000000e+00
1.851500000000000090e-01 8.148499999999999632e-01 2.000000000000000000e+00
1.851500000000000090e-01 8.148499999999999632e-01 3.000000000000000000e+00
2.463299999999999934e-01 7.536699999999999511e-01 1.000000000000000000e+00
2.140299999999999980e-01 7.859699999999999465e-01 2.000000000000000000e+00
2.566100000000000048e-01 7.433899999999999952e-01 1.000000000000000000e+00
3.035300000000000220e-01 6.964700000000000335e-01 2.000000000000000000e+00
2.972600000000000242e-01 7.027400000000000313e-01 1.000000000000000000e+00
3.004399999999999848e-01 6.995599999999999596e-01 2.000000000000000000e+00
3.004399999999999848e-01 6.995599999999999596e-01 3.000000000000000000e+00
3.155000000000000027e-01 6.844999999999999973e-01 2.000000000000000000e+00
3.338300000000000156e-01 6.661700000000000399e-01 2.000000000000000000e+00
2.906299999999999994e-01 7.093699999999999450e-01 1.000000000000000000e+00
2.906299999999999994e-01 7.093699999999999450e-01 3.000000000000000000e+00
2.889300000000000201e-01 7.110699999999999799e-01 1.000000000000000000e+00
3.532799999999999829e-01 6.467199999999999616e-01 2.000000000000000000e+00
3.588600000000000123e-01 6.411400000000000432e-01 2.000000000000000000e+00
3.678199999999999803e-01 6.321799999999999642e-01 2.000000000000000000e+00
3.413999999999999813e-01 6.585999999999999632e-01 1.000000000000000000e+00
2.686799999999999744e-01 7.313199999999999701e-01 1.000000000000000000e+00
2.547699999999999965e-01 7.452299999999999480e-01 2.000000000000000000e+00
2.407700000000000118e-01 7.592299999999999605e-01 2.000000000000000000e+00
2.137499999999999956e-01 7.862500000000000044e-01 2.000000000000000000e+00
2.213199999999999890e-01 7.786800000000000388e-01 1.000000000000000000e+00
2.212500000000000022e-01 7.787500000000000533e-01 2.000000000000000000e+00
2.212500000000000022e-01 7.787500000000000533e-01 3.000000000000000000e+00
2.349600000000000022e-01 7.650400000000000533e-01 1.000000000000000000e+00
2.554600000000000204e-01 7.445399999999999796e-01 1.000000000000000000e+00
2.738800000000000123e-01 7.261199999999999877e-01 1.000000000000000000e+00
2.677899999999999725e-01 7.322100000000000275e-01 2.000000000000000000e+00
2.677899999999999725e-01 7.322100000000000275e-01 3.000000000000000000e+00
2.776500000000000079e-01 7.223500000000000476e-01 1.000000000000000000e+00
2.862700000000000244e-01 7.137299999999999756e-01 2.000000000000000000e+00
2.626200000000000201e-01 7.373800000000000354e-01 2.000000000000000000e+00
2.702899999999999747e-01 7.297099999999999698e-01 1.000000000000000000e+00
2.568099999999999827e-01 7.431900000000000173e-01 2.000000000000000000e+00
2.892299999999999871e-01 7.107700000000000129e-01 1.000000000000000000e+00
2.749699999999999922e-01 7.250299999999999523e-01 1.000000000000000000e+00
2.696999999999999953e-01 7.302999999999999492e-01 2.000000000000000000e+00
3.014499999999999957e-01 6.985500000000000043e-01 2.000000000000000000e+00
2.271100000000000063e-01 7.728899999999999659e-01 2.000000000000000000e+00
2.260699999999999932e-01 7.739300000000000068e-01 2.000000000000000000e+00
2.122699999999999865e-01 7.877300000000000413e-01 2.000000000000000000e+00
2.579000000000000181e-01 7.420999999999999819e-01 1.000000000000000000e+00
2.636800000000000255e-01 7.363199999999999745e-01 1.000000000000000000e+00
2.845099999999999851e-01 7.154899999999999594e-01 1.000000000000000000e+00
2.759400000000000186e-01 7.240600000000000369e-01 1.000000000000000000e+00
2.978500000000000036e-01 7.021500000000000519e-01 2.000000000000000000e+00
3.191599999999999993e-01 6.808400000000000007e-01 2.000000000000000000e+00
3.155399999999999872e-01 6.844599999999999573e-01 1.000000000000000000e+00
3.410699999999999843e-01 6.589300000000000157e-01 2.000000000000000000e+00
2.902899999999999925e-01 7.097099999999999520e-01 1.000000000000000000e+00
3.090100000000000069e-01 6.909899999999999931e-01 2.000000000000000000e+00
2.552699999999999969e-01 7.447300000000000031e-01 1.000000000000000000e+00
2.636000000000000010e-01 7.364000000000000545e-01 1.000000000000000000e+00
2.636000000000000010e-01 7.364000000000000545e-01 3.000000000000000000e+00
2.865099999999999869e-01 7.134899999999999576e-01 1.000000000000000000e+00
2.958000000000000074e-01 7.042000000000000481e-01 2.000000000000000000e+00
2.647399999999999753e-01 7.352600000000000247e-01 1.000000000000000000e+00
2.925400000000000222e-01 7.074599999999999778e-01 2.000000000000000000e+00
2.925400000000000222e-01 7.074599999999999778e-01 3.000000000000000000e+00
2.946400000000000130e-01 7.053599999999999870e-01 2.000000000000000000e+00
2.608900000000000108e-01 7.391100000000000447e-01 1.000000000000000000e+00
2.608900000000000108e-01 7.391100000000000447e-01 3.000000000000000000e+00
2.567999999999999727e-01 7.431999999999999718e-01 2.000000000000000000e+00
2.238700000000000134e-01 7.761299999999999866e-01 2.000000000000000000e+00
2.609299999999999953e-01 7.390700000000000047e-01 1.000000000000000000e+00
2.602499999999999813e-01 7.397500000000000187e-01 2.000000000000000000e+00
2.589600000000000235e-01 7.410400000000000320e-01 2.000000000000000000e+00
2.617700000000000027e-01 7.382300000000000528e-01 1.000000000000000000e+00
2.583599999999999786e-01 7.416399999999999659e-01 2.000000000000000000e+00
2.358000000000000096e-01 7.641999999999999904e-01 2.000000000000000000e+00
2.358000000000000096e-01 7.641999999999999904e-01 3.000000000000000000e+00
2.535899999999999821e-01 7.464100000000000179e-01 1.000000000000000000e+00
2.275800000000000045e-01 7.724199999999999955e-01 2.000000000000000000e+00
2.401600000000000124e-01 7.598399999999999599e-01 1.000000000000000000e+00
2.099999999999999922e-01 7.900000000000000355e-01 2.000000000000000000e+00
2.096099999999999908e-01 7.903900000000000370e-01 2.000000000000000000e+00
2.094999999999999918e-01 7.904999999999999805e-01 2.000000000000000000e+00
2.225900000000000101e-01 7.774100000000000454e-01 1.000000000000000000e+00
2.313999999999999946e-01 7.685999999999999499e-01 1.000000000000000000e+00
2.313999999999999946e-01 7.685999999999999499e-01 3.000000000000000000e+00
2.247000000000000108e-01 7.752999999999999892e-01 2.000000000000000000e+00
1.951199999999999879e-01 8.048800000000000399e-01 2.000000000000000000e+00
2.208700000000000108e-01 7.791299999999999892e-01 1.000000000000000000e+00
2.202300000000000091e-01 7.797699999999999632e-01 2.000000000000000000e+00
2.255199999999999982e-01 7.744799999999999462e-01 1.000000000000000000e+00
2.255199999999999982e-01 7.744799999999999462e-01 3.000000000000000000e+00
1.860799999999999954e-01 8.139199999999999768e-01 2.000000000000000000e+00
1.860799999999999954e-01 8.139199999999999768e-01 3.000000000000000000e+00
2.126399999999999957e-01 7.873599999999999488e-01 1.000000000000000000e+00
2.126399999999999957e-01 7.873599999999999488e-01 3.000000000000000000e+00
2.611899999999999777e-01 7.388099999999999667e-01 1.000000000000000000e+00
2.833800000000000208e-01 7.166200000000000347e-01 1.000000000000000000e+00
2.880499999999999727e-01 7.119499999999999718e-01 2.000000000000000000e+00
2.959999999999999853e-01 7.039999999999999591e-01 2.000000000000000000e+00
2.959999999999999853e-01 7.039999999999999591e-01 3.000000000000000000e+00
2.959999999999999853e-01 7.039999999999999591e-01 3.000000000000000000e+00
3.102500000000000258e-01 6.897499999999999742e-01 2.000000000000000000e+00
3.007900000000000018e-01 6.992099999999999982e-01 1.000000000000000000e+00
2.897399999999999975e-01 7.102600000000000025e-01 1.000000000000000000e+00
2.797100000000000142e-01 7.202899999999999858e-01 1.000000000000000000e+00
2.976099999999999857e-01 7.023899999999999588e-01 2.000000000000000000e+00
2.702399999999999802e-01 7.297599999999999643e-01 1.000000000000000000e+00
2.835799999999999987e-01 7.164199999999999458e-01 2.000000000000000000e+00
2.267500000000000071e-01 7.732499999999999929e-01 2.000000000000000000e+00
2.267500000000000071e-01 7.732499999999999929e-01 3.000000000000000000e+00
2.146000000000000130e-01 7.853999999999999870e-01 2.000000000000000000e+00
2.146000000000000130e-01 7.853999999999999870e-01 3.000000000000000000e+00
2.125499999999999889e-01 7.874499999999999833e-01 2.000000000000000000e+00
1.945099999999999885e-01 8.054900000000000393e-01 2.000000000000000000e+00
1.945099999999999885e-01 8.054900000000000393e-01 3.000000000000000000e+00
2.341499999999999970e-01 7.658500000000000307e-01 1.000000000000000000e+00
2.256599999999999995e-01 7.743400000000000283e-01 2.000000000000000000e+00
2.256599999999999995e-01 7.743400000000000283e-01 3.000000000000000000e+00
2.545100000000000140e-01 7.454899999999999860e-01 1.000000000000000000e+00
2.492399999999999893e-01 7.507599999999999829e-01 2.000000000000000000e+00
2.492399999999999893e-01 7.507599999999999829e-01 3.000000000000000000e+00
2.492399999999999893e-01 7.507599999999999829e-01 3.000000000000000000e+00
2.784400000000000208e-01 7.215599999999999792e-01 1.000000000000000000e+00
2.808499999999999885e-01 7.191499999999999559e-01 2.000000000000000000e+00
2.850800000000000001e-01 7.149199999999999999e-01 2.000000000000000000e+00
2.398399999999999976e-01 7.601599999999999469e-01 2.000000000000000000e+00
2.289799999999999891e-01 7.710200000000000387e-01 2.000000000000000000e+00
1.987700000000000022e-01 8.012299999999999978e-01 2.000000000000000000e+00
1.985699999999999965e-01 8.014299999999999757e-01 2.000000000000000000e+00
1.985699999999999965e-01 8.014299999999999757e-01 3.000000000000000000e+00
1.985699999999999965e-01 8.014299999999999757e-01 3.000000000000000000e+00
1.983199999999999963e-01 8.016799999999999482e-01 2.000000000000000000e+00
1.968100000000000127e-01 8.031899999999999595e-01 2.000000000000000000e+00
1.968100000000000127e-01 8.031899999999999595e-01 3.000000000000000000e+00
1.780200000000000116e-01 8.219800000000000439e-01 2.000000000000000000e+00
1.731000000000000039e-01 8.268999999999999684e-01 2.000000000000000000e+00
2.101300000000000112e-01 7.898699999999999610e-01 1.000000000000000000e+00
1.952200000000000046e-01 8.047800000000000509e-01 2.000000000000000000e+00
2.449399999999999911e-01 7.550599999999999534e-01 1.000000000000000000e+00
2.359300000000000008e-01 7.640700000000000269e-01 2.000000000000000000e+00
2.192099999999999882e-01 7.807899999999999840e-01 2.000000000000000000e+00
2.706799999999999762e-01 7.293199999999999683e-01 1.000000000000000000e+00
2.344199999999999895e-01 7.655800000000000383e-01 2.000000000000000000e+00
2.031300000000000050e-01 7.968699999999999672e-01 2.000000000000000000e+00
2.135799999999999921e-01 7.864200000000000079e-01 1.000000000000000000e+00
2.326600000000000057e-01 7.673400000000000221e-01 1.000000000000000000e+00
2.299499999999999877e-01 7.700500000000000123e-01 2.000000000000000000e+00
2.250099999999999878e-01 7.749899999999999567e-01 2.000000000000000000e+00
2.928799999999999737e-01 7.071199999999999708e-01 1.000000000000000000e+00
2.915599999999999858e-01 7.084399999999999586e-01 1.000000000000000000e+00
2.753200000000000092e-01 7.246799999999999908e-01 1.000000000000000000e+00
2.882000000000000117e-01 7.117999999999999883e-01 2.000000000000000000e+00
2.882000000000000117e-01 7.117999999999999883e-01 3.000000000000000000e+00
2.882000000000000117e-01 7.117999999999999883e-01 3.000000000000000000e+00
2.882000000000000117e-01 7.117999999999999883e-01 3.000000000000000000e+00
2.948899999999999855e-01 7.051100000000000145e-01 2.000000000000000000e+00
2.729900000000000104e-01 7.270100000000000451e-01 1.000000000000000000e+00
2.729900000000000104e-01 7.270100000000000451e-01 3.000000000000000000e+00
2.764300000000000090e-01 7.235700000000000465e-01 1.000000000000000000e+00
2.786699999999999733e-01 7.213300000000000267e-01 2.000000000000000000e+00
2.773399999999999754e-01 7.226599999999999691e-01 1.000000000000000000e+00
2.773399999999999754e-01 7.226599999999999691e-01 3.000000000000000000e+00
3.298099999999999921e-01 6.701899999999999524e-01 2.000000000000000000e+00
3.249299999999999966e-01 6.750699999999999479e-01 1.000000000000000000e+00
3.301600000000000090e-01 6.698399999999999910e-01 2.000000000000000000e+00
3.281499999999999972e-01 6.718499999999999472e-01 1.000000000000000000e+00
3.292100000000000026e-01 6.707899999999999974e-01 2.000000000000000000e+00
3.292100000000000026e-01 6.707899999999999974e-01 3.000000000000000000e+00
3.166499999999999870e-01 6.833500000000000130e-01 1.000000000000000000e+00
3.118299999999999961e-01 6.881699999999999484e-01 1.000000000000000000e+00
3.194299999999999917e-01 6.805700000000000083e-01 2.000000000000000000e+00
3.194299999999999917e-01 6.805700000000000083e-01 3.000000000000000000e+00
2.665000000000000147e-01 7.335000000000000409e-01 1.000000000000000000e+00
3.237300000000000177e-01 6.762700000000000378e-01 2.000000000000000000e+00
3.178300000000000014e-01 6.821700000000000541e-01 1.000000000000000000e+00
3.346899999999999875e-01 6.653099999999999570e-01 2.000000000000000000e+00
3.348999999999999755e-01 6.651000000000000245e-01 2.000000000000000000e+00
2.230800000000000005e-01 7.769200000000000550e-01 1.000000000000000000e+00
2.089399999999999868e-01 7.910599999999999854e-01 2.000000000000000000e+00
2.094100000000000128e-01 7.905900000000000150e-01 1.000000000000000000e+00
2.160299999999999998e-01 7.839699999999999447e-01 1.000000000000000000e+00
2.480999999999999872e-01 7.519000000000000128e-01 1.000000000000000000e+00
2.482600000000000084e-01 7.517399999999999638e-01 1.000000000000000000e+00
2.689099999999999824e-01 7.310900000000000176e-01 1.000000000000000000e+00
2.689099999999999824e-01 7.310900000000000176e-01 3.000000000000000000e+00
2.438099999999999989e-01 7.561900000000000288e-01 2.000000000000000000e+00
2.438099999999999989e-01 7.561900000000000288e-01 3.000000000000000000e+00
2.018899999999999861e-01 7.981099999999999861e-01 2.000000000000000000e+00
2.265600000000000114e-01 7.734400000000000164e-01 1.000000000000000000e+00
1.834600000000000120e-01 8.165400000000000436e-01 2.000000000000000000e+00
1.722299999999999942e-01 8.277700000000000058e-01 2.000000000000000000e+00
1.961799999999999933e-01 8.038199999999999790e-01 1.000000000000000000e+00
1.697799999999999865e-01 8.302199999999999580e-01 2.000000000000000000e+00
9.586999999999999689e-02 9.041299999999999892e-01 2.000000000000000000e+00
1.269000000000000128e-01 8.730999999999999872e-01 1.000000000000000000e+00
1.269000000000000128e-01 8.730999999999999872e-01 3.000000000000000000e+00
1.539000000000000090e-01 8.460999999999999632e-01 1.000000000000000000e+00
1.503299999999999914e-01 8.496700000000000363e-01 2.000000000000000000e+00
1.427499999999999880e-01 8.572499999999999565e-01 2.000000000000000000e+00
1.427499999999999880e-01 8.572499999999999565e-01 3.000000000000000000e+00
1.461500000000000021e-01 8.538499999999999979e-01 1.000000000000000000e+00
1.389400000000000079e-01 8.610600000000000476e-01 2.000000000000000000e+00
1.375599999999999878e-01 8.624399999999999844e-01 2.000000000000000000e+00
1.919800000000000118e-01 8.080199999999999605e-01 1.000000000000000000e+00
2.063899999999999901e-01 7.936100000000000376e-01 1.000000000000000000e+00
2.256100000000000050e-01 7.743900000000000228e-01 1.000000000000000000e+00
2.262200000000000044e-01 7.737800000000000233e-01 1.000000000000000000e+00
2.049600000000000033e-01 7.950399999999999689e-01 2.000000000000000000e+00
2.049600000000000033e-01 7.950399999999999689e-01 3.000000000000000000e+00
1.545799999999999952e-01 8.454199999999999493e-01 2.000000000000000000e+00
1.753000000000000114e-01 8.246999999999999886e-01 1.000000000000000000e+00
1.852199999999999958e-01 8.147799999999999487e-01 1.000000000000000000e+00
1.852199999999999958e-01 8.147799999999999487e-01 3.000000000000000000e+00
1.852199999999999958e-01 8.147799999999999487e-01 3.000000000000000000e+00
