# omega_M = 0 , omega_L, omega_K
5.234100000000000419e-01 4.765900000000000136e-01 1.000000000000000000e+00
5.251799999999999802e-01 4.748200000000000198e-01 2.000000000000000000e+00
5.042299999999999560e-01 4.957699999999999885e-01 1.000000000000000000e+00
5.042299999999999560e-01 4.957699999999999885e-01 3.000000000000000000e+00
4.996099999999999985e-01 5.003900000000000015e-01 1.000000000000000000e+00
4.646299999999999875e-01 5.353700000000000125e-01 1.000000000000000000e+00
3.835100000000000176e-01 6.164899999999999824e-01 1.000000000000000000e+00
3.593999999999999972e-01 6.405999999999999472e-01 1.000000000000000000e+00
3.557100000000000262e-01 6.442900000000000293e-01 1.000000000000000000e+00
3.170000000000000040e-01 6.830000000000000515e-01 1.000000000000000000e+00
