# omega_M = 0 , omega_L, omega_K
7.633799999999999475e-01 2.366199999999999970e-01 1.000000000000000000e+00
7.592700000000000005e-01 2.407299999999999995e-01 1.000000000000000000e+00
7.459799999999999764e-01 2.540200000000000236e-01 1.000000000000000000e+00
7.468900000000000539e-01 2.531100000000000017e-01 2.000000000000000000e+00
7.469099999999999628e-01 2.530899999999999817e-01 2.000000000000000000e+00
7.303199999999999692e-01 2.696799999999999753e-01 1.000000000000000000e+00
7.303199999999999692e-01 2.696799999999999753e-01 3.000000000000000000e+00
7.303199999999999692e-01 2.696799999999999753e-01 3.000000000000000000e+00
7.262199999999999767e-01 2.737800000000000233e-01 1.000000000000000000e+00
7.262199999999999767e-01 2.737800000000000233e-01 3.000000000000000000e+00
7.019800000000000484e-01 2.980200000000000071e-01 1.000000000000000000e+00
6.367399999999999727e-01 3.632600000000000273e-01 1.000000000000000000e+00
6.367399999999999727e-01 3.632600000000000273e-01 3.000000000000000000e+00
5.757499999999999840e-01 4.242500000000000160e-01 1.000000000000000000e+00
4.885599999999999943e-01 5.114400000000000057e-01 1.000000000000000000e+00
4.546999999999999931e-01 5.453000000000000069e-01 1.000000000000000000e+00
4.456300000000000261e-01 5.543700000000000294e-01 1.000000000000000000e+00
4.382099999999999884e-01 5.617900000000000116e-01 1.000000000000000000e+00
3.931600000000000095e-01 6.068400000000000460e-01 1.000000000000000000e+00
3.781399999999999761e-01 6.218599999999999683e-01 1.000000000000000000e+00
4.134900000000000242e-01 5.865099999999999758e-01 2.000000000000000000e+00
4.389500000000000068e-01 5.610500000000000487e-01 2.000000000000000000e+00
4.460500000000000020e-01 5.539500000000000535e-01 2.000000000000000000e+00
4.645900000000000030e-01 5.354100000000000525e-01 2.000000000000000000e+00
4.672299999999999787e-01 5.327699999999999658e-01 2.000000000000000000e+00
4.642000000000000015e-01 5.358000000000000540e-01 1.000000000000000000e+00
4.642000000000000015e-01 5.358000000000000540e-01 3.000000000000000000e+00
3.570099999999999940e-01 6.429899999999999505e-01 1.000000000000000000e+00
3.570099999999999940e-01 6.429899999999999505e-01 3.000000000000000000e+00
3.532699999999999729e-01 6.467300000000000271e-01 1.000000000000000000e+00
2.894499999999999851e-01 7.105500000000000149e-01 1.000000000000000000e+00
3.050899999999999723e-01 6.949100000000000277e-01 2.000000000000000000e+00
2.812899999999999845e-01 7.187099999999999600e-01 1.000000000000000000e+00
3.047799999999999954e-01 6.952199999999999491e-01 2.000000000000000000e+00
3.289199999999999902e-01 6.710800000000000098e-01 2.000000000000000000e+00
3.858300000000000063e-01 6.141699999999999937e-01 2.000000000000000000e+00
3.161599999999999966e-01 6.838400000000000034e-01 1.000000000000000000e+00
2.912600000000000189e-01 7.087400000000000366e-01 1.000000000000000000e+00
3.114600000000000146e-01 6.885400000000000409e-01 2.000000000000000000e+00
3.276600000000000068e-01 6.723400000000000487e-01 2.000000000000000000e+00
3.415199999999999902e-01 6.584799999999999542e-01 2.000000000000000000e+00
3.334900000000000087e-01 6.665100000000000469e-01 1.000000000000000000e+00
3.280500000000000083e-01 6.719500000000000473e-01 1.000000000000000000e+00
3.315199999999999814e-01 6.684799999999999631e-01 2.000000000000000000e+00
3.425300000000000011e-01 6.574699999999999989e-01 2.000000000000000000e+00
3.627600000000000269e-01 6.372400000000000286e-01 2.000000000000000000e+00
3.627600000000000269e-01 6.372400000000000286e-01 3.000000000000000000e+00
3.611699999999999910e-01 6.388300000000000090e-01 1.000000000000000000e+00
4.157500000000000084e-01 5.842500000000000471e-01 2.000000000000000000e+00
4.239499999999999935e-01 5.760499999999999510e-01 2.000000000000000000e+00
4.239499999999999935e-01 5.760499999999999510e-01 3.000000000000000000e+00
4.239499999999999935e-01 5.760499999999999510e-01 3.000000000000000000e+00
3.195799999999999752e-01 6.804200000000000248e-01 1.000000000000000000e+00
3.195799999999999752e-01 6.804200000000000248e-01 3.000000000000000000e+00
2.981300000000000061e-01 7.018699999999999939e-01 1.000000000000000000e+00
2.751299999999999857e-01 7.248700000000000143e-01 1.000000000000000000e+00
2.752000000000000002e-01 7.247999999999999998e-01 1.000000000000000000e+00
2.705799999999999872e-01 7.294199999999999573e-01 2.000000000000000000e+00
3.126900000000000235e-01 6.873099999999999765e-01 2.000000000000000000e+00
3.101700000000000013e-01 6.898300000000000542e-01 1.000000000000000000e+00
2.950699999999999990e-01 7.049299999999999455e-01 1.000000000000000000e+00
2.535600000000000076e-01 7.464399999999999924e-01 2.000000000000000000e+00
2.541100000000000025e-01 7.458900000000000530e-01 1.000000000000000000e+00
2.748800000000000132e-01 7.251199999999999868e-01 1.000000000000000000e+00
2.876600000000000268e-01 7.123399999999999732e-01 2.000000000000000000e+00
2.877100000000000213e-01 7.122899999999999787e-01 2.000000000000000000e+00
2.705400000000000027e-01 7.294599999999999973e-01 1.000000000000000000e+00
3.104600000000000137e-01 6.895400000000000418e-01 2.000000000000000000e+00
3.108799999999999897e-01 6.891199999999999548e-01 2.000000000000000000e+00
3.154000000000000137e-01 6.845999999999999863e-01 2.000000000000000000e+00
2.666499999999999981e-01 7.333499999999999464e-01 1.000000000000000000e+00
2.666499999999999981e-01 7.333499999999999464e-01 3.000000000000000000e+00
2.300099999999999922e-01 7.699899999999999523e-01 2.000000000000000000e+00
2.350800000000000112e-01 7.649200000000000443e-01 1.000000000000000000e+00
2.366800000000000015e-01 7.633199999999999985e-01 1.000000000000000000e+00
2.976599999999999802e-01 7.023399999999999643e-01 1.000000000000000000e+00
2.971699999999999897e-01 7.028299999999999548e-01 1.000000000000000000e+00
3.014899999999999802e-01 6.985099999999999643e-01 2.000000000000000000e+00
3.014899999999999802e-01 6.985099999999999643e-01 3.000000000000000000e+00
3.317800000000000193e-01 6.682200000000000362e-01 2.000000000000000000e+00
3.317800000000000193e-01 6.682200000000000362e-01 3.000000000000000000e+00
3.317800000000000193e-01 6.682200000000000362e-01 3.000000000000000000e+00
3.516900000000000026e-01 6.483100000000000529e-01 2.000000000000000000e+00
3.516900000000000026e-01 6.483100000000000529e-01 3.000000000000000000e+00
3.125100000000000100e-01 6.874900000000000455e-01 1.000000000000000000e+00
3.116800000000000126e-01 6.883200000000000429e-01 1.000000000000000000e+00
2.835900000000000087e-01 7.164099999999999913e-01 1.000000000000000000e+00
2.881500000000000172e-01 7.118499999999999828e-01 2.000000000000000000e+00
2.854999999999999760e-01 7.145000000000000240e-01 1.000000000000000000e+00
2.861899999999999999e-01 7.138099999999999445e-01 2.000000000000000000e+00
3.102400000000000158e-01 6.897600000000000398e-01 2.000000000000000000e+00
3.021699999999999942e-01 6.978299999999999503e-01 1.000000000000000000e+00
3.010099999999999998e-01 6.989900000000000002e-01 1.000000000000000000e+00
3.302999999999999825e-01 6.696999999999999620e-01 2.000000000000000000e+00
3.933300000000000129e-01 6.066700000000000426e-01 2.000000000000000000e+00
3.382399999999999851e-01 6.617600000000000149e-01 1.000000000000000000e+00
3.324599999999999778e-01 6.675400000000000222e-01 1.000000000000000000e+00
3.324599999999999778e-01 6.675400000000000222e-01 3.000000000000000000e+00
3.136599999999999944e-01 6.863399999999999501e-01 1.000000000000000000e+00
3.136599999999999944e-01 6.863399999999999501e-01 3.000000000000000000e+00
3.117699999999999916e-01 6.882300000000000084e-01 1.000000000000000000e+00
3.142400000000000193e-01 6.857600000000000362e-01 2.000000000000000000e+00
3.135200000000000209e-01 6.864799999999999791e-01 1.000000000000000000e+00
3.077900000000000080e-01 6.922099999999999920e-01 1.000000000000000000e+00
3.020900000000000252e-01 6.979100000000000303e-01 1.000000000000000000e+00
2.624799999999999911e-01 7.375199999999999534e-01 1.000000000000000000e+00
2.624799999999999911e-01 7.375199999999999534e-01 3.000000000000000000e+00
2.624799999999999911e-01 7.375199999999999534e-01 3.000000000000000000e+00
2.827899999999999858e-01 7.172100000000000142e-01 1.000000000000000000e+00
2.827899999999999858e-01 7.172100000000000142e-01 3.000000000000000000e+00
3.128199999999999870e-01 6.871800000000000130e-01 2.000000000000000000e+00
3.128199999999999870e-01 6.871800000000000130e-01 3.000000000000000000e+00
3.108600000000000252e-01 6.891399999999999748e-01 1.000000000000000000e+00
3.178400000000000114e-01 6.821599999999999886e-01 2.000000000000000000e+00
3.274099999999999788e-01 6.725900000000000212e-01 2.000000000000000000e+00
3.274099999999999788e-01 6.725900000000000212e-01 3.000000000000000000e+00
3.220399999999999929e-01 6.779600000000000071e-01 1.000000000000000000e+00
3.220399999999999929e-01 6.779600000000000071e-01 3.000000000000000000e+00
3.504900000000000237e-01 6.495100000000000318e-01 2.000000000000000000e+00
3.391199999999999770e-01 6.608800000000000230e-01 1.000000000000000000e+00
3.009299999999999753e-01 6.990699999999999692e-01 1.000000000000000000e+00
3.001300000000000079e-01 6.998699999999999921e-01 1.000000000000000000e+00
2.535299999999999776e-01 7.464699999999999669e-01 1.000000000000000000e+00
1.979299999999999948e-01 8.020699999999999497e-01 2.000000000000000000e+00
2.090500000000000136e-01 7.909500000000000419e-01 1.000000000000000000e+00
2.238100000000000089e-01 7.761900000000000466e-01 1.000000000000000000e+00
2.176099999999999979e-01 7.823900000000000299e-01 2.000000000000000000e+00
2.193100000000000049e-01 7.806899999999999951e-01 1.000000000000000000e+00
2.646800000000000264e-01 7.353199999999999736e-01 1.000000000000000000e+00
2.809800000000000075e-01 7.190199999999999925e-01 1.000000000000000000e+00
2.808399999999999785e-01 7.191600000000000215e-01 1.000000000000000000e+00
2.808399999999999785e-01 7.191600000000000215e-01 3.000000000000000000e+00
3.038500000000000090e-01 6.961500000000000465e-01 2.000000000000000000e+00
2.756500000000000061e-01 7.243500000000000494e-01 1.000000000000000000e+00
2.579099999999999726e-01 7.420900000000000274e-01 2.000000000000000000e+00
2.769499999999999740e-01 7.230499999999999705e-01 1.000000000000000000e+00
2.848300000000000276e-01 7.151699999999999724e-01 2.000000000000000000e+00
3.077900000000000080e-01 6.922099999999999920e-01 2.000000000000000000e+00
3.144299999999999873e-01 6.855700000000000127e-01 2.000000000000000000e+00
3.128900000000000015e-01 6.871099999999999985e-01 1.000000000000000000e+00
2.671299999999999786e-01 7.328700000000000214e-01 1.000000000000000000e+00
2.557699999999999974e-01 7.442299999999999471e-01 2.000000000000000000e+00
2.360099999999999976e-01 7.639899999999999469e-01 2.000000000000000000e+00
2.525000000000000022e-01 7.475000000000000533e-01 1.000000000000000000e+00
2.428099999999999981e-01 7.571900000000000297e-01 2.000000000000000000e+00
3.374900000000000122e-01 6.625100000000000433e-01 2.000000000000000000e+00
3.403200000000000114e-01 6.596800000000000441e-01 2.000000000000000000e+00
3.403200000000000114e-01 6.596800000000000441e-01 3.000000000000000000e+00
3.287999999999999812e-01 6.712000000000000188e-01 1.000000000000000000e+00
3.335899999999999976e-01 6.664099999999999469e-01 2.000000000000000000e+00
3.232700000000000018e-01 6.767300000000000537e-01 1.000000000000000000e+00
3.207400000000000251e-01 6.792599999999999749e-01 1.000000000000000000e+00
3.207400000000000251e-01 6.792599999999999749e-01 3.000000000000000000e+00
3.265199999999999769e-01 6.734799999999999676e-01 2.000000000000000000e+00
3.354699999999999904e-01 6.645299999999999541e-01 2.000000000000000000e+00
3.078000000000000180e-01 6.922000000000000375e-01 1.000000000000000000e+00
2.820400000000000129e-01 7.179600000000000426e-01 1.000000000000000000e+00
3.021800000000000042e-01 6.978199999999999958e-01 2.000000000000000000e+00
3.463700000000000112e-01 6.536300000000000443e-01 2.000000000000000000e+00
2.970300000000000162e-01 7.029699999999999838e-01 1.000000000000000000e+00
3.130499999999999949e-01 6.869499999999999496e-01 2.000000000000000000e+00
3.374500000000000277e-01 6.625499999999999723e-01 2.000000000000000000e+00
3.374500000000000277e-01 6.625499999999999723e-01 3.000000000000000000e+00
2.934899999999999731e-01 7.065099999999999714e-01 1.000000000000000000e+00
2.829800000000000093e-01 7.170199999999999907e-01 1.000000000000000000e+00
2.701299999999999812e-01 7.298700000000000188e-01 2.000000000000000000e+00
2.764300000000000090e-01 7.235700000000000465e-01 1.000000000000000000e+00
2.777200000000000224e-01 7.222800000000000331e-01 2.000000000000000000e+00
2.769300000000000095e-01 7.230699999999999905e-01 1.000000000000000000e+00
2.913299999999999779e-01 7.086700000000000221e-01 2.000000000000000000e+00
2.657300000000000217e-01 7.342699999999999783e-01 1.000000000000000000e+00
2.657300000000000217e-01 7.342699999999999783e-01 3.000000000000000000e+00
2.657300000000000217e-01 7.342699999999999783e-01 3.000000000000000000e+00
2.657300000000000217e-01 7.342699999999999783e-01 3.000000000000000000e+00
2.922199999999999798e-01 7.077799999999999647e-01 2.000000000000000000e+00
2.831699999999999773e-01 7.168299999999999672e-01 1.000000000000000000e+00
3.416100000000000247e-01 6.583900000000000308e-01 2.000000000000000000e+00
3.321999999999999953e-01 6.677999999999999492e-01 1.000000000000000000e+00
3.070599999999999996e-01 6.929400000000000004e-01 1.000000000000000000e+00
3.070599999999999996e-01 6.929400000000000004e-01 3.000000000000000000e+00
2.396500000000000019e-01 7.603499999999999703e-01 2.000000000000000000e+00
2.459899999999999864e-01 7.540099999999999580e-01 1.000000000000000000e+00
1.672899999999999943e-01 8.327099999999999502e-01 2.000000000000000000e+00
1.672899999999999943e-01 8.327099999999999502e-01 3.000000000000000000e+00
1.847999999999999921e-01 8.152000000000000357e-01 1.000000000000000000e+00
1.820700000000000096e-01 8.179300000000000459e-01 2.000000000000000000e+00
1.820700000000000096e-01 8.179300000000000459e-01 3.000000000000000000e+00
1.820700000000000096e-01 8.179300000000000459e-01 3.000000000000000000e+00
1.820700000000000096e-01 8.179300000000000459e-01 3.000000000000000000e+00
1.795100000000000029e-01 8.204900000000000526e-01 2.000000000000000000e+00
1.916100000000000025e-01 8.083900000000000530e-01 1.000000000000000000e+00
2.003500000000000003e-01 7.996499999999999719e-01 1.000000000000000000e+00
1.892500000000000016e-01 8.107499999999999707e-01 2.000000000000000000e+00
1.892500000000000016e-01 8.107499999999999707e-01 3.000000000000000000e+00
1.892500000000000016e-01 8.107499999999999707e-01 3.000000000000000000e+00
1.893700000000000105e-01 8.106299999999999617e-01 1.000000000000000000e+00
1.893700000000000105e-01 8.106299999999999617e-01 3.000000000000000000e+00
2.867000000000000104e-01 7.133000000000000451e-01 1.000000000000000000e+00
2.866199999999999859e-01 7.133800000000000141e-01 1.000000000000000000e+00
2.866199999999999859e-01 7.133800000000000141e-01 3.000000000000000000e+00
2.866199999999999859e-01 7.133800000000000141e-01 3.000000000000000000e+00
2.665399999999999991e-01 7.334600000000000009e-01 2.000000000000000000e+00
2.693999999999999728e-01 7.306000000000000272e-01 1.000000000000000000e+00
2.953600000000000114e-01 7.046400000000000441e-01 2.000000000000000000e+00
2.989399999999999835e-01 7.010600000000000165e-01 2.000000000000000000e+00
3.079299999999999815e-01 6.920699999999999630e-01 2.000000000000000000e+00
3.079299999999999815e-01 6.920699999999999630e-01 3.000000000000000000e+00
2.968500000000000028e-01 7.031500000000000528e-01 1.000000000000000000e+00
2.968500000000000028e-01 7.031500000000000528e-01 3.000000000000000000e+00
2.650699999999999723e-01 7.349299999999999722e-01 1.000000000000000000e+00
2.706100000000000172e-01 7.293899999999999828e-01 1.000000000000000000e+00
2.706100000000000172e-01 7.293899999999999828e-01 3.000000000000000000e+00
3.631099999999999883e-01 6.368899999999999562e-01 2.000000000000000000e+00
3.668500000000000094e-01 6.331499999999999906e-01 2.000000000000000000e+00
3.402399999999999869e-01 6.597600000000000131e-01 1.000000000000000000e+00
3.435900000000000065e-01 6.564100000000000490e-01 2.000000000000000000e+00
3.435900000000000065e-01 6.564100000000000490e-01 3.000000000000000000e+00
3.019999999999999907e-01 6.979999999999999538e-01 1.000000000000000000e+00
3.511400000000000077e-01 6.488599999999999923e-01 2.000000000000000000e+00
3.511400000000000077e-01 6.488599999999999923e-01 3.000000000000000000e+00
3.582099999999999729e-01 6.417899999999999716e-01 2.000000000000000000e+00
3.897100000000000009e-01 6.102899999999999991e-01 2.000000000000000000e+00
4.035500000000000198e-01 5.964500000000000357e-01 2.000000000000000000e+00
3.981100000000000194e-01 6.018900000000000361e-01 1.000000000000000000e+00
3.981100000000000194e-01 6.018900000000000361e-01 3.000000000000000000e+00
3.981100000000000194e-01 6.018900000000000361e-01 3.000000000000000000e+00
3.997299999999999742e-01 6.002699999999999703e-01 2.000000000000000000e+00
4.311699999999999977e-01 5.688299999999999468e-01 2.000000000000000000e+00
4.217199999999999838e-01 5.782800000000000162e-01 1.000000000000000000e+00
4.217199999999999838e-01 5.782800000000000162e-01 3.000000000000000000e+00
4.217199999999999838e-01 5.782800000000000162e-01 3.000000000000000000e+00
4.217199999999999838e-01 5.782800000000000162e-01 3.000000000000000000e+00
4.217199999999999838e-01 5.782800000000000162e-01 3.000000000000000000e+00
4.233700000000000241e-01 5.766299999999999759e-01 2.000000000000000000e+00
4.233700000000000241e-01 5.766299999999999759e-01 3.000000000000000000e+00
3.940299999999999914e-01 6.059700000000000086e-01 1.000000000000000000e+00
3.343700000000000006e-01 6.656300000000000550e-01 1.000000000000000000e+00
3.125000000000000000e-01 6.875000000000000000e-01 1.000000000000000000e+00
3.014899999999999802e-01 6.985099999999999643e-01 1.000000000000000000e+00
3.012799999999999923e-01 6.987200000000000077e-01 1.000000000000000000e+00
2.945699999999999985e-01 7.054300000000000015e-01 1.000000000000000000e+00
2.976400000000000157e-01 7.023599999999999843e-01 2.000000000000000000e+00
2.888600000000000056e-01 7.111399999999999944e-01 1.000000000000000000e+00
3.642400000000000082e-01 6.357599999999999918e-01 2.000000000000000000e+00
3.642400000000000082e-01 6.357599999999999918e-01 3.000000000000000000e+00
3.646300000000000097e-01 6.353699999999999903e-01 2.000000000000000000e+00
3.305100000000000260e-01 6.694900000000000295e-01 1.000000000000000000e+00
3.305100000000000260e-01 6.694900000000000295e-01 3.000000000000000000e+00
2.954399999999999804e-01 7.045599999999999641e-01 1.000000000000000000e+00
2.829699999999999993e-01 7.170299999999999452e-01 1.000000000000000000e+00
2.829699999999999993e-01 7.170299999999999452e-01 3.000000000000000000e+00
2.829699999999999993e-01 7.170299999999999452e-01 3.000000000000000000e+00
2.258699999999999875e-01 7.741299999999999848e-01 2.000000000000000000e+00
2.258699999999999875e-01 7.741299999999999848e-01 3.000000000000000000e+00
2.258699999999999875e-01 7.741299999999999848e-01 3.000000000000000000e+00
2.388500000000000068e-01 7.611499999999999932e-01 1.000000000000000000e+00
2.388500000000000068e-01 7.611499999999999932e-01 3.000000000000000000e+00
2.388500000000000068e-01 7.611499999999999932e-01 3.000000000000000000e+00
3.058400000000000007e-01 6.941599999999999993e-01 1.000000000000000000e+00
2.737700000000000133e-01 7.262300000000000422e-01 1.000000000000000000e+00
2.754599999999999826e-01 7.245399999999999618e-01 1.000000000000000000e+00
2.880800000000000027e-01 7.119199999999999973e-01 2.000000000000000000e+00
3.340799999999999881e-01 6.659199999999999564e-01 2.000000000000000000e+00
3.352600000000000025e-01 6.647399999999999975e-01 2.000000000000000000e+00
3.189199999999999813e-01 6.810800000000000187e-01 1.000000000000000000e+00
2.566599999999999993e-01 7.433400000000000007e-01 1.000000000000000000e+00
2.513000000000000234e-01 7.487000000000000322e-01 2.000000000000000000e+00
2.404100000000000126e-01 7.595899999999999874e-01 2.000000000000000000e+00
2.404100000000000126e-01 7.595899999999999874e-01 3.000000000000000000e+00
2.764900000000000135e-01 7.235099999999999865e-01 1.000000000000000000e+00
2.776600000000000179e-01 7.223399999999999821e-01 2.000000000000000000e+00
2.759300000000000086e-01 7.240699999999999914e-01 1.000000000000000000e+00
2.759300000000000086e-01 7.240699999999999914e-01 3.000000000000000000e+00
2.777399999999999869e-01 7.222600000000000131e-01 2.000000000000000000e+00
2.789599999999999858e-01 7.210400000000000142e-01 2.000000000000000000e+00
2.185199999999999920e-01 7.814799999999999525e-01 2.000000000000000000e+00
2.185199999999999920e-01 7.814799999999999525e-01 3.000000000000000000e+00
2.229800000000000115e-01 7.770200000000000440e-01 1.000000000000000000e+00
2.326100000000000112e-01 7.673900000000000166e-01 1.000000000000000000e+00
2.326100000000000112e-01 7.673900000000000166e-01 3.000000000000000000e+00
2.733099999999999974e-01 7.266899999999999471e-01 1.000000000000000000e+00
2.639799999999999924e-01 7.360200000000000076e-01 2.000000000000000000e+00
2.395100000000000007e-01 7.604899999999999993e-01 2.000000000000000000e+00
3.342100000000000071e-01 6.657899999999999929e-01 2.000000000000000000e+00
3.290899999999999936e-01 6.709100000000000064e-01 1.000000000000000000e+00
3.290899999999999936e-01 6.709100000000000064e-01 3.000000000000000000e+00
3.122699999999999920e-01 6.877299999999999525e-01 1.000000000000000000e+00
2.982799999999999896e-01 7.017200000000000104e-01 1.000000000000000000e+00
3.011900000000000133e-01 6.988100000000000422e-01 2.000000000000000000e+00
3.033699999999999730e-01 6.966299999999999715e-01 2.000000000000000000e+00
2.445700000000000096e-01 7.554300000000000459e-01 2.000000000000000000e+00
2.469899999999999873e-01 7.530099999999999572e-01 1.000000000000000000e+00
2.358300000000000118e-01 7.641700000000000159e-01 2.000000000000000000e+00
2.028999999999999970e-01 7.971000000000000307e-01 2.000000000000000000e+00
2.028999999999999970e-01 7.971000000000000307e-01 3.000000000000000000e+00
2.062599999999999989e-01 7.937400000000000011e-01 1.000000000000000000e+00
2.062599999999999989e-01 7.937400000000000011e-01 3.000000000000000000e+00
1.567600000000000104e-01 8.432399999999999896e-01 2.000000000000000000e+00
1.567600000000000104e-01 8.432399999999999896e-01 3.000000000000000000e+00
1.518299999999999927e-01 8.481699999999999795e-01 2.000000000000000000e+00
1.483599999999999919e-01 8.516399999999999526e-01 2.000000000000000000e+00
1.320300000000000085e-01 8.679700000000000193e-01 2.000000000000000000e+00
1.260199999999999931e-01 8.739799999999999791e-01 2.000000000000000000e+00
1.243400000000000061e-01 8.756599999999999939e-01 2.000000000000000000e+00
1.217499999999999971e-01 8.782499999999999751e-01 2.000000000000000000e+00
1.075300000000000006e-01 8.924699999999999855e-01 2.000000000000000000e+00
1.075300000000000006e-01 8.924699999999999855e-01 3.000000000000000000e+00
9.231000000000000316e-02 9.076899999999999968e-01 2.000000000000000000e+00
9.432999999999999718e-02 9.056699999999999751e-01 1.000000000000000000e+00
9.432999999999999718e-02 9.056699999999999751e-01 3.000000000000000000e+00
9.432999999999999718e-02 9.056699999999999751e-01 3.000000000000000000e+00
9.138000000000000289e-02 9.086199999999999832e-01 2.000000000000000000e+00
9.961000000000000409e-02 9.003900000000000237e-01 1.000000000000000000e+00
9.961000000000000409e-02 9.003900000000000237e-01 3.000000000000000000e+00
9.961000000000000409e-02 9.003900000000000237e-01 3.000000000000000000e+00
1.053899999999999976e-01 8.946100000000000163e-01 1.000000000000000000e+00
1.333699999999999886e-01 8.666300000000000114e-01 1.000000000000000000e+00
1.333699999999999886e-01 8.666300000000000114e-01 3.000000000000000000e+00
1.717200000000000115e-01 8.282800000000000162e-01 1.000000000000000000e+00
1.717200000000000115e-01 8.282800000000000162e-01 3.000000000000000000e+00
1.383699999999999930e-01 8.616300000000000070e-01 2.000000000000000000e+00
1.501200000000000034e-01 8.498799999999999688e-01 1.000000000000000000e+00
1.693300000000000083e-01 8.306700000000000195e-01 1.000000000000000000e+00
1.811599999999999877e-01 8.188400000000000123e-01 1.000000000000000000e+00
1.778800000000000103e-01 8.221199999999999619e-01 2.000000000000000000e+00
1.778800000000000103e-01 8.221199999999999619e-01 3.000000000000000000e+00
1.963000000000000023e-01 8.036999999999999700e-01 1.000000000000000000e+00
1.789499999999999980e-01 8.210499999999999465e-01 2.000000000000000000e+00
1.817400000000000126e-01 8.182599999999999874e-01 1.000000000000000000e+00
1.817400000000000126e-01 8.182599999999999874e-01 3.000000000000000000e+00
1.831099999999999950e-01 8.168900000000000050e-01 1.000000000000000000e+00
1.911200000000000121e-01 8.088800000000000434e-01 1.000000000000000000e+00
1.909599999999999909e-01 8.090399999999999814e-01 2.000000000000000000e+00
1.859999999999999987e-01 8.139999999999999458e-01 2.000000000000000000e+00
1.859999999999999987e-01 8.139999999999999458e-01 3.000000000000000000e+00
1.779900000000000093e-01 8.220100000000000184e-01 2.000000000000000000e+00
1.779900000000000093e-01 8.220100000000000184e-01 3.000000000000000000e+00
1.779900000000000093e-01 8.220100000000000184e-01 3.000000000000000000e+00
2.025000000000000133e-01 7.974999999999999867e-01 1.000000000000000000e+00
2.072700000000000098e-01 7.927300000000000457e-01 1.000000000000000000e+00
2.215900000000000092e-01 7.784100000000000463e-01 1.000000000000000000e+00
2.439500000000000002e-01 7.560499999999999998e-01 1.000000000000000000e+00
2.439500000000000002e-01 7.560499999999999998e-01 3.000000000000000000e+00
2.725299999999999945e-01 7.274699999999999500e-01 1.000000000000000000e+00
3.081300000000000150e-01 6.918699999999999850e-01 2.000000000000000000e+00
3.284500000000000197e-01 6.715499999999999803e-01 2.000000000000000000e+00
2.968100000000000183e-01 7.031899999999999817e-01 1.000000000000000000e+00
2.496599999999999930e-01 7.503400000000000070e-01 2.000000000000000000e+00
2.174800000000000066e-01 7.825199999999999934e-01 2.000000000000000000e+00
2.049100000000000088e-01 7.950899999999999634e-01 2.000000000000000000e+00
2.147000000000000020e-01 7.852999999999999980e-01 1.000000000000000000e+00
2.972000000000000197e-01 7.027999999999999803e-01 1.000000000000000000e+00
2.721399999999999930e-01 7.278599999999999515e-01 1.000000000000000000e+00
2.298300000000000065e-01 7.701700000000000212e-01 2.000000000000000000e+00
2.108399999999999996e-01 7.891599999999999726e-01 2.000000000000000000e+00
2.442999999999999894e-01 7.557000000000000384e-01 1.000000000000000000e+00
2.352400000000000047e-01 7.647599999999999953e-01 2.000000000000000000e+00
2.352400000000000047e-01 7.647599999999999953e-01 3.000000000000000000e+00
3.214000000000000190e-01 6.785999999999999810e-01 2.000000000000000000e+00
3.348999999999999755e-01 6.651000000000000245e-01 2.000000000000000000e+00
3.059600000000000097e-01 6.940399999999999903e-01 1.000000000000000000e+00
3.059600000000000097e-01 6.940399999999999903e-01 3.000000000000000000e+00
2.891500000000000181e-01 7.108499999999999819e-01 1.000000000000000000e+00
2.830900000000000083e-01 7.169100000000000472e-01 1.000000000000000000e+00
2.878100000000000103e-01 7.121899999999999897e-01 2.000000000000000000e+00
3.052000000000000268e-01 6.947999999999999732e-01 2.000000000000000000e+00
3.011800000000000033e-01 6.988199999999999967e-01 1.000000000000000000e+00
2.740099999999999758e-01 7.259900000000000242e-01 1.000000000000000000e+00
2.740099999999999758e-01 7.259900000000000242e-01 3.000000000000000000e+00
2.911000000000000254e-01 7.088999999999999746e-01 2.000000000000000000e+00
2.601399999999999824e-01 7.398599999999999621e-01 2.000000000000000000e+00
2.601399999999999824e-01 7.398599999999999621e-01 3.000000000000000000e+00
2.626700000000000146e-01 7.373300000000000409e-01 1.000000000000000000e+00
2.925699999999999967e-01 7.074300000000000033e-01 2.000000000000000000e+00
3.371299999999999852e-01 6.628699999999999593e-01 2.000000000000000000e+00
3.371299999999999852e-01 6.628699999999999593e-01 3.000000000000000000e+00
3.371299999999999852e-01 6.628699999999999593e-01 3.000000000000000000e+00
3.039000000000000035e-01 6.961000000000000520e-01 1.000000000000000000e+00
3.271999999999999909e-01 6.727999999999999536e-01 2.000000000000000000e+00
2.751199999999999757e-01 7.248799999999999688e-01 1.000000000000000000e+00
3.269199999999999884e-01 6.730800000000000116e-01 2.000000000000000000e+00
3.151700000000000057e-01 6.848300000000000498e-01 1.000000000000000000e+00
3.278099999999999903e-01 6.721899999999999542e-01 2.000000000000000000e+00
2.910200000000000009e-01 7.089800000000000546e-01 1.000000000000000000e+00
3.344099999999999850e-01 6.655900000000000150e-01 2.000000000000000000e+00
3.489900000000000224e-01 6.510099999999999776e-01 2.000000000000000000e+00
3.315299999999999914e-01 6.684700000000000086e-01 1.000000000000000000e+00
3.324599999999999778e-01 6.675400000000000222e-01 2.000000000000000000e+00
3.324599999999999778e-01 6.675400000000000222e-01 3.000000000000000000e+00
3.060899999999999732e-01 6.939100000000000268e-01 1.000000000000000000e+00
2.700500000000000123e-01 7.299499999999999877e-01 1.000000000000000000e+00
2.627300000000000191e-01 7.372699999999999809e-01 2.000000000000000000e+00
2.358800000000000063e-01 7.641200000000000214e-01 2.000000000000000000e+00
2.213299999999999990e-01 7.786699999999999733e-01 2.000000000000000000e+00
1.882000000000000062e-01 8.117999999999999661e-01 2.000000000000000000e+00
2.693400000000000238e-01 7.306599999999999762e-01 1.000000000000000000e+00
2.971500000000000252e-01 7.028499999999999748e-01 2.000000000000000000e+00
3.262800000000000145e-01 6.737199999999999855e-01 2.000000000000000000e+00
3.157499999999999751e-01 6.842500000000000249e-01 1.000000000000000000e+00
2.462699999999999889e-01 7.537300000000000111e-01 1.000000000000000000e+00
2.482600000000000084e-01 7.517399999999999638e-01 1.000000000000000000e+00
2.535399999999999876e-01 7.464600000000000124e-01 1.000000000000000000e+00
2.535399999999999876e-01 7.464600000000000124e-01 3.000000000000000000e+00
2.361600000000000088e-01 7.638399999999999634e-01 2.000000000000000000e+00
2.249400000000000011e-01 7.750599999999999712e-01 2.000000000000000000e+00
2.261299999999999977e-01 7.738699999999999468e-01 1.000000000000000000e+00
2.125499999999999889e-01 7.874499999999999833e-01 2.000000000000000000e+00
2.028399999999999925e-01 7.971599999999999797e-01 2.000000000000000000e+00
2.074400000000000133e-01 7.925600000000000422e-01 1.000000000000000000e+00
2.393299999999999872e-01 7.606699999999999573e-01 1.000000000000000000e+00
2.839900000000000202e-01 7.160100000000000353e-01 1.000000000000000000e+00
2.839900000000000202e-01 7.160100000000000353e-01 3.000000000000000000e+00
2.902500000000000080e-01 7.097499999999999920e-01 2.000000000000000000e+00
3.132900000000000129e-01 6.867100000000000426e-01 2.000000000000000000e+00
2.893899999999999806e-01 7.106099999999999639e-01 1.000000000000000000e+00
3.084100000000000175e-01 6.915900000000000380e-01 2.000000000000000000e+00
3.084100000000000175e-01 6.915900000000000380e-01 3.000000000000000000e+00
2.643099999999999894e-01 7.356899999999999551e-01 1.000000000000000000e+00
2.643099999999999894e-01 7.356899999999999551e-01 3.000000000000000000e+00
2.643099999999999894e-01 7.356899999999999551e-01 3.000000000000000000e+00
2.643099999999999894e-01 7.356899999999999551e-01 3.000000000000000000e+00
2.643099999999999894e-01 7.356899999999999551e-01 3.000000000000000000e+00
2.731100000000000194e-01 7.268900000000000361e-01 1.000000000000000000e+00
3.084700000000000220e-01 6.915299999999999780e-01 2.000000000000000000e+00
2.767600000000000060e-01 7.232399999999999940e-01 1.000000000000000000e+00
2.466200000000000059e-01 7.533800000000000496e-01 2.000000000000000000e+00
2.466200000000000059e-01 7.533800000000000496e-01 3.000000000000000000e+00
1.726399999999999879e-01 8.273599999999999843e-01 2.000000000000000000e+00
1.821200000000000041e-01 8.178800000000000514e-01 1.000000000000000000e+00
1.821200000000000041e-01 8.178800000000000514e-01 3.000000000000000000e+00
2.454500000000000015e-01 7.545500000000000540e-01 1.000000000000000000e+00
2.280999999999999972e-01 7.719000000000000306e-01 2.000000000000000000e+00
2.559199999999999808e-01 7.440799999999999637e-01 1.000000000000000000e+00
2.559199999999999808e-01 7.440799999999999637e-01 3.000000000000000000e+00
2.016999999999999904e-01 7.983000000000000096e-01 2.000000000000000000e+00
1.893400000000000083e-01 8.106600000000000472e-01 2.000000000000000000e+00
1.784300000000000053e-01 8.215700000000000225e-01 2.000000000000000000e+00
2.087600000000000011e-01 7.912400000000000544e-01 1.000000000000000000e+00
2.087600000000000011e-01 7.912400000000000544e-01 3.000000000000000000e+00
2.122499999999999942e-01 7.877499999999999503e-01 1.000000000000000000e+00
2.457399999999999862e-01 7.542600000000000415e-01 1.000000000000000000e+00
2.401099999999999901e-01 7.598899999999999544e-01 2.000000000000000000e+00
2.508400000000000074e-01 7.491600000000000481e-01 1.000000000000000000e+00
2.632499999999999840e-01 7.367500000000000160e-01 1.000000000000000000e+00
2.443500000000000116e-01 7.556500000000000439e-01 2.000000000000000000e+00
2.456399999999999972e-01 7.543600000000000305e-01 1.000000000000000000e+00
2.456399999999999972e-01 7.543600000000000305e-01 3.000000000000000000e+00
2.573099999999999832e-01 7.426899999999999613e-01 1.000000000000000000e+00
2.308199999999999974e-01 7.691799999999999748e-01 2.000000000000000000e+00
2.486299999999999899e-01 7.513699999999999823e-01 1.000000000000000000e+00
2.486299999999999899e-01 7.513699999999999823e-01 3.000000000000000000e+00
3.696400000000000241e-01 6.303600000000000314e-01 2.000000000000000000e+00
3.696400000000000241e-01 6.303600000000000314e-01 3.000000000000000000e+00
3.615599999999999925e-01 6.384400000000000075e-01 1.000000000000000000e+00
3.397100000000000120e-01 6.602900000000000436e-01 1.000000000000000000e+00
3.325500000000000123e-01 6.674499999999999877e-01 1.000000000000000000e+00
2.871299999999999963e-01 7.128700000000000037e-01 1.000000000000000000e+00
2.800500000000000211e-01 7.199499999999999789e-01 1.000000000000000000e+00
2.381399999999999906e-01 7.618599999999999817e-01 2.000000000000000000e+00
2.270399999999999918e-01 7.729599999999999804e-01 2.000000000000000000e+00
2.830400000000000138e-01 7.169600000000000417e-01 1.000000000000000000e+00
2.987699999999999800e-01 7.012300000000000200e-01 2.000000000000000000e+00
2.407100000000000073e-01 7.592900000000000205e-01 2.000000000000000000e+00
2.545000000000000040e-01 7.455000000000000515e-01 1.000000000000000000e+00
2.857700000000000240e-01 7.142300000000000315e-01 1.000000000000000000e+00
2.784800000000000053e-01 7.215200000000000502e-01 1.000000000000000000e+00
3.176300000000000234e-01 6.823700000000000321e-01 2.000000000000000000e+00
3.501400000000000068e-01 6.498599999999999932e-01 2.000000000000000000e+00
3.484599999999999920e-01 6.515400000000000080e-01 1.000000000000000000e+00
3.484599999999999920e-01 6.515400000000000080e-01 3.000000000000000000e+00
3.472399999999999931e-01 6.527600000000000069e-01 1.000000000000000000e+00
3.703699999999999770e-01 6.296300000000000230e-01 2.000000000000000000e+00
3.531000000000000250e-01 6.469000000000000306e-01 1.000000000000000000e+00
3.528800000000000270e-01 6.471200000000000285e-01 1.000000000000000000e+00
3.357399999999999829e-01 6.642599999999999616e-01 1.000000000000000000e+00
3.349599999999999800e-01 6.650399999999999645e-01 1.000000000000000000e+00
2.777999999999999914e-01 7.221999999999999531e-01 1.000000000000000000e+00
2.946799999999999975e-01 7.053199999999999470e-01 2.000000000000000000e+00
2.813300000000000245e-01 7.186700000000000310e-01 1.000000000000000000e+00
2.526499999999999857e-01 7.473499999999999588e-01 2.000000000000000000e+00
2.566700000000000093e-01 7.433300000000000463e-01 1.000000000000000000e+00
2.566700000000000093e-01 7.433300000000000463e-01 3.000000000000000000e+00
2.718400000000000261e-01 7.281600000000000295e-01 1.000000000000000000e+00
2.718400000000000261e-01 7.281600000000000295e-01 3.000000000000000000e+00
2.608199999999999963e-01 7.391799999999999482e-01 2.000000000000000000e+00
2.608199999999999963e-01 7.391799999999999482e-01 3.000000000000000000e+00
2.608199999999999963e-01 7.391799999999999482e-01 3.000000000000000000e+00
2.854099999999999970e-01 7.145899999999999475e-01 1.000000000000000000e+00
2.914900000000000269e-01 7.085099999999999731e-01 2.000000000000000000e+00
2.733099999999999974e-01 7.266899999999999471e-01 1.000000000000000000e+00
2.733099999999999974e-01 7.266899999999999471e-01 3.000000000000000000e+00
2.821199999999999819e-01 7.178799999999999626e-01 2.000000000000000000e+00
2.138799999999999868e-01 7.861200000000000410e-01 2.000000000000000000e+00
2.138799999999999868e-01 7.861200000000000410e-01 3.000000000000000000e+00
2.138799999999999868e-01 7.861200000000000410e-01 3.000000000000000000e+00
1.830400000000000083e-01 8.169600000000000195e-01 2.000000000000000000e+00
2.208299999999999985e-01 7.791700000000000292e-01 1.000000000000000000e+00
2.208299999999999985e-01 7.791700000000000292e-01 3.000000000000000000e+00
2.128299999999999914e-01 7.871700000000000363e-01 2.000000000000000000e+00
2.128299999999999914e-01 7.871700000000000363e-01 3.000000000000000000e+00
2.312800000000000133e-01 7.687199999999999589e-01 1.000000000000000000e+00
2.330899999999999916e-01 7.669099999999999806e-01 1.000000000000000000e+00
2.330899999999999916e-01 7.669099999999999806e-01 3.000000000000000000e+00
2.176700000000000024e-01 7.823299999999999699e-01 2.000000000000000000e+00
2.176400000000000001e-01 7.823600000000000554e-01 2.000000000000000000e+00
2.345099999999999962e-01 7.654900000000000038e-01 1.000000000000000000e+00
2.245699999999999918e-01 7.754299999999999526e-01 2.000000000000000000e+00
2.722700000000000120e-01 7.277299999999999880e-01 1.000000000000000000e+00
2.722700000000000120e-01 7.277299999999999880e-01 3.000000000000000000e+00
3.165499999999999980e-01 6.834500000000000020e-01 2.000000000000000000e+00
2.867600000000000149e-01 7.132399999999999851e-01 1.000000000000000000e+00
2.588599999999999790e-01 7.411400000000000210e-01 2.000000000000000000e+00
2.565100000000000158e-01 7.434899999999999842e-01 2.000000000000000000e+00
3.333300000000000152e-01 6.666699999999999848e-01 2.000000000000000000e+00
3.333300000000000152e-01 6.666699999999999848e-01 3.000000000000000000e+00
3.781999999999999806e-01 6.218000000000000194e-01 2.000000000000000000e+00
3.781999999999999806e-01 6.218000000000000194e-01 3.000000000000000000e+00
3.368499999999999828e-01 6.631500000000000172e-01 1.000000000000000000e+00
3.278699999999999948e-01 6.721300000000000052e-01 1.000000000000000000e+00
3.310199999999999809e-01 6.689800000000000191e-01 2.000000000000000000e+00
3.379400000000000182e-01 6.620599999999999818e-01 2.000000000000000000e+00
3.232300000000000173e-01 6.767699999999999827e-01 1.000000000000000000e+00
2.639699999999999824e-01 7.360299999999999621e-01 1.000000000000000000e+00
2.453500000000000125e-01 7.546500000000000430e-01 2.000000000000000000e+00
2.640100000000000224e-01 7.359900000000000331e-01 1.000000000000000000e+00
2.642999999999999794e-01 7.357000000000000206e-01 1.000000000000000000e+00
2.461000000000000132e-01 7.539000000000000146e-01 2.000000000000000000e+00
2.420899999999999996e-01 7.579099999999999726e-01 2.000000000000000000e+00
2.176099999999999979e-01 7.823900000000000299e-01 2.000000000000000000e+00
1.844500000000000028e-01 8.155499999999999972e-01 2.000000000000000000e+00
1.855600000000000027e-01 8.144400000000000528e-01 1.000000000000000000e+00
2.235999999999999932e-01 7.763999999999999790e-01 1.000000000000000000e+00
2.283499999999999974e-01 7.716499999999999471e-01 1.000000000000000000e+00
2.258999999999999897e-01 7.741000000000000103e-01 2.000000000000000000e+00
2.258999999999999897e-01 7.741000000000000103e-01 3.000000000000000000e+00
2.239700000000000024e-01 7.760299999999999976e-01 2.000000000000000000e+00
2.140799999999999925e-01 7.859199999999999520e-01 2.000000000000000000e+00
2.212300000000000100e-01 7.787699999999999623e-01 1.000000000000000000e+00
2.065800000000000136e-01 7.934200000000000141e-01 2.000000000000000000e+00
2.037599999999999967e-01 7.962399999999999478e-01 2.000000000000000000e+00
2.024100000000000066e-01 7.975900000000000212e-01 2.000000000000000000e+00
1.917300000000000115e-01 8.082700000000000440e-01 2.000000000000000000e+00
1.918799999999999950e-01 8.081199999999999495e-01 1.000000000000000000e+00
1.918799999999999950e-01 8.081199999999999495e-01 3.000000000000000000e+00
1.727599999999999969e-01 8.272399999999999753e-01 2.000000000000000000e+00
1.683800000000000019e-01 8.316200000000000259e-01 2.000000000000000000e+00
2.092299999999999993e-01 7.907699999999999729e-01 1.000000000000000000e+00
2.062400000000000067e-01 7.937600000000000211e-01 2.000000000000000000e+00
2.062400000000000067e-01 7.937600000000000211e-01 3.000000000000000000e+00
2.425400000000000056e-01 7.574600000000000222e-01 1.000000000000000000e+00
2.049199999999999910e-01 7.950800000000000090e-01 2.000000000000000000e+00
2.049199999999999910e-01 7.950800000000000090e-01 3.000000000000000000e+00
2.094600000000000073e-01 7.905400000000000205e-01 1.000000000000000000e+00
2.102999999999999869e-01 7.896999999999999575e-01 1.000000000000000000e+00
2.300599999999999867e-01 7.699399999999999578e-01 1.000000000000000000e+00
2.300599999999999867e-01 7.699399999999999578e-01 3.000000000000000000e+00
2.300599999999999867e-01 7.699399999999999578e-01 3.000000000000000000e+00
2.620899999999999896e-01 7.379099999999999548e-01 1.000000000000000000e+00
2.593099999999999850e-01 7.406899999999999595e-01 2.000000000000000000e+00
2.825099999999999834e-01 7.174899999999999611e-01 1.000000000000000000e+00
2.646800000000000264e-01 7.353199999999999736e-01 2.000000000000000000e+00
2.646800000000000264e-01 7.353199999999999736e-01 3.000000000000000000e+00
2.744500000000000273e-01 7.255500000000000282e-01 1.000000000000000000e+00
2.744500000000000273e-01 7.255500000000000282e-01 3.000000000000000000e+00
2.356399999999999884e-01 7.643600000000000394e-01 2.000000000000000000e+00
2.176400000000000001e-01 7.823600000000000554e-01 2.000000000000000000e+00
2.307899999999999952e-01 7.692099999999999493e-01 1.000000000000000000e+00
2.069699999999999873e-01 7.930300000000000127e-01 2.000000000000000000e+00
2.125299999999999967e-01 7.874700000000000033e-01 1.000000000000000000e+00
2.125299999999999967e-01 7.874700000000000033e-01 3.000000000000000000e+00
2.242800000000000071e-01 7.757199999999999651e-01 1.000000000000000000e+00
2.975200000000000067e-01 7.024799999999999933e-01 1.000000000000000000e+00
2.975200000000000067e-01 7.024799999999999933e-01 3.000000000000000000e+00
2.975200000000000067e-01 7.024799999999999933e-01 3.000000000000000000e+00
2.975200000000000067e-01 7.024799999999999933e-01 3.000000000000000000e+00
2.291900000000000048e-01 7.708099999999999952e-01 2.000000000000000000e+00
2.291900000000000048e-01 7.708099999999999952e-01 3.000000000000000000e+00
2.663099999999999912e-01 7.336899999999999533e-01 1.000000000000000000e+00
2.663099999999999912e-01 7.336899999999999533e-01 3.000000000000000000e+00
2.587999999999999745e-01 7.411999999999999700e-01 2.000000000000000000e+00
3.059600000000000097e-01 6.940399999999999903e-01 2.000000000000000000e+00
3.059600000000000097e-01 6.940399999999999903e-01 3.000000000000000000e+00
3.059600000000000097e-01 6.940399999999999903e-01 3.000000000000000000e+00
3.045900000000000274e-01 6.954099999999999726e-01 1.000000000000000000e+00
2.852899999999999880e-01 7.147099999999999564e-01 1.000000000000000000e+00
2.722399999999999820e-01 7.277599999999999625e-01 1.000000000000000000e+00
2.674000000000000266e-01 7.326000000000000290e-01 2.000000000000000000e+00
2.674000000000000266e-01 7.326000000000000290e-01 3.000000000000000000e+00
2.590000000000000080e-01 7.409999999999999920e-01 2.000000000000000000e+00
2.581700000000000106e-01 7.418299999999999894e-01 2.000000000000000000e+00
2.565500000000000003e-01 7.434500000000000552e-01 2.000000000000000000e+00
2.584000000000000186e-01 7.416000000000000369e-01 1.000000000000000000e+00
2.584000000000000186e-01 7.416000000000000369e-01 3.000000000000000000e+00
2.726000000000000090e-01 7.274000000000000465e-01 1.000000000000000000e+00
2.638099999999999890e-01 7.361900000000000110e-01 2.000000000000000000e+00
2.580399999999999916e-01 7.419599999999999529e-01 2.000000000000000000e+00
2.580399999999999916e-01 7.419599999999999529e-01 3.000000000000000000e+00
2.566899999999999737e-01 7.433100000000000263e-01 2.000000000000000000e+00
2.938899999999999846e-01 7.061100000000000154e-01 1.000000000000000000e+00
2.824900000000000189e-01 7.175099999999999811e-01 1.000000000000000000e+00
2.555499999999999994e-01 7.444499999999999451e-01 2.000000000000000000e+00
2.605700000000000238e-01 7.394300000000000317e-01 1.000000000000000000e+00
2.517599999999999838e-01 7.482400000000000162e-01 2.000000000000000000e+00
2.402600000000000013e-01 7.597399999999999709e-01 2.000000000000000000e+00
3.017699999999999827e-01 6.982300000000000173e-01 1.000000000000000000e+00
2.891699999999999826e-01 7.108299999999999619e-01 1.000000000000000000e+00
2.935599999999999876e-01 7.064399999999999569e-01 2.000000000000000000e+00
2.671999999999999931e-01 7.328000000000000069e-01 1.000000000000000000e+00
2.645399999999999974e-01 7.354600000000000026e-01 2.000000000000000000e+00
2.722300000000000275e-01 7.277700000000000280e-01 1.000000000000000000e+00
2.425100000000000033e-01 7.574899999999999967e-01 2.000000000000000000e+00
2.933499999999999996e-01 7.066500000000000004e-01 1.000000000000000000e+00
2.933499999999999996e-01 7.066500000000000004e-01 3.000000000000000000e+00
3.108000000000000207e-01 6.892000000000000348e-01 2.000000000000000000e+00
3.108000000000000207e-01 6.892000000000000348e-01 3.000000000000000000e+00
3.317999999999999838e-01 6.682000000000000162e-01 2.000000000000000000e+00
3.568200000000000260e-01 6.431799999999999740e-01 2.000000000000000000e+00
3.568200000000000260e-01 6.431799999999999740e-01 3.000000000000000000e+00
3.567799999999999860e-01 6.432200000000000140e-01 1.000000000000000000e+00
3.514800000000000146e-01 6.485199999999999854e-01 1.000000000000000000e+00
4.048800000000000177e-01 5.951199999999999823e-01 2.000000000000000000e+00
4.048800000000000177e-01 5.951199999999999823e-01 3.000000000000000000e+00
3.979400000000000159e-01 6.020600000000000396e-01 1.000000000000000000e+00
4.128600000000000048e-01 5.871399999999999952e-01 2.000000000000000000e+00
4.099200000000000066e-01 5.900800000000000489e-01 1.000000000000000000e+00
4.099200000000000066e-01 5.900800000000000489e-01 3.000000000000000000e+00
4.099200000000000066e-01 5.900800000000000489e-01 3.000000000000000000e+00
4.099200000000000066e-01 5.900800000000000489e-01 3.000000000000000000e+00
4.099200000000000066e-01 5.900800000000000489e-01 3.000000000000000000e+00
4.090699999999999892e-01 5.909299999999999553e-01 1.000000000000000000e+00
3.933599999999999874e-01 6.066399999999999570e-01 1.000000000000000000e+00
3.993300000000000183e-01 6.006700000000000372e-01 2.000000000000000000e+00
3.589499999999999913e-01 6.410500000000000087e-01 1.000000000000000000e+00
3.562299999999999911e-01 6.437699999999999534e-01 1.000000000000000000e+00
3.579899999999999749e-01 6.420099999999999696e-01 2.000000000000000000e+00
3.511799999999999922e-01 6.488199999999999523e-01 1.000000000000000000e+00
3.511799999999999922e-01 6.488199999999999523e-01 3.000000000000000000e+00
3.438800000000000190e-01 6.561200000000000365e-01 1.000000000000000000e+00
3.507899999999999907e-01 6.492099999999999538e-01 2.000000000000000000e+00
3.777300000000000102e-01 6.222699999999999898e-01 2.000000000000000000e+00
4.045699999999999852e-01 5.954300000000000148e-01 2.000000000000000000e+00
4.045699999999999852e-01 5.954300000000000148e-01 3.000000000000000000e+00
3.811499999999999888e-01 6.188500000000000112e-01 1.000000000000000000e+00
3.643600000000000172e-01 6.356399999999999828e-01 1.000000000000000000e+00
3.667799999999999949e-01 6.332200000000000051e-01 2.000000000000000000e+00
3.667799999999999949e-01 6.332200000000000051e-01 3.000000000000000000e+00
3.653000000000000136e-01 6.347000000000000419e-01 1.000000000000000000e+00
3.953999999999999737e-01 6.046000000000000263e-01 2.000000000000000000e+00
3.857800000000000118e-01 6.142199999999999882e-01 1.000000000000000000e+00
3.942800000000000193e-01 6.057200000000000362e-01 2.000000000000000000e+00
3.931499999999999995e-01 6.068500000000000005e-01 1.000000000000000000e+00
3.687799999999999967e-01 6.312200000000000033e-01 1.000000000000000000e+00
3.719600000000000128e-01 6.280400000000000427e-01 2.000000000000000000e+00
3.479800000000000115e-01 6.520200000000000440e-01 1.000000000000000000e+00
3.675399999999999778e-01 6.324600000000000222e-01 2.000000000000000000e+00
3.675399999999999778e-01 6.324600000000000222e-01 3.000000000000000000e+00
3.612500000000000155e-01 6.387500000000000400e-01 1.000000000000000000e+00
3.612500000000000155e-01 6.387500000000000400e-01 3.000000000000000000e+00
3.651699999999999946e-01 6.348300000000000054e-01 2.000000000000000000e+00
3.509300000000000197e-01 6.490700000000000358e-01 1.000000000000000000e+00
3.509300000000000197e-01 6.490700000000000358e-01 3.000000000000000000e+00
3.698199999999999821e-01 6.301799999999999624e-01 2.000000000000000000e+00
3.652400000000000091e-01 6.347599999999999909e-01 1.000000000000000000e+00
3.674600000000000088e-01 6.325399999999999912e-01 2.000000000000000000e+00
3.878300000000000081e-01 6.121699999999999919e-01 2.000000000000000000e+00
3.878300000000000081e-01 6.121699999999999919e-01 3.000000000000000000e+00
3.878300000000000081e-01 6.121699999999999919e-01 3.000000000000000000e+00
3.878300000000000081e-01 6.121699999999999919e-01 3.000000000000000000e+00
3.816899999999999737e-01 6.183100000000000263e-01 1.000000000000000000e+00
3.884199999999999875e-01 6.115800000000000125e-01 2.000000000000000000e+00
3.938300000000000134e-01 6.061699999999999866e-01 2.000000000000000000e+00
3.986500000000000044e-01 6.013500000000000512e-01 2.000000000000000000e+00
3.180899999999999839e-01 6.819100000000000161e-01 1.000000000000000000e+00
3.180899999999999839e-01 6.819100000000000161e-01 3.000000000000000000e+00
2.610899999999999888e-01 7.389099999999999557e-01 1.000000000000000000e+00
2.633400000000000185e-01 7.366599999999999815e-01 1.000000000000000000e+00
2.572499999999999787e-01 7.427500000000000213e-01 2.000000000000000000e+00
2.221100000000000019e-01 7.778899999999999704e-01 2.000000000000000000e+00
2.528000000000000247e-01 7.471999999999999753e-01 1.000000000000000000e+00
2.707600000000000007e-01 7.292399999999999993e-01 1.000000000000000000e+00
2.126000000000000112e-01 7.873999999999999888e-01 2.000000000000000000e+00
2.069999999999999896e-01 7.930000000000000382e-01 2.000000000000000000e+00
2.069999999999999896e-01 7.930000000000000382e-01 3.000000000000000000e+00
2.069999999999999896e-01 7.930000000000000382e-01 3.000000000000000000e+00
1.875000000000000000e-01 8.125000000000000000e-01 2.000000000000000000e+00
1.760799999999999865e-01 8.239199999999999857e-01 2.000000000000000000e+00
1.754400000000000126e-01 8.245599999999999596e-01 2.000000000000000000e+00
1.740800000000000125e-01 8.259199999999999875e-01 2.000000000000000000e+00
2.263900000000000079e-01 7.736100000000000199e-01 1.000000000000000000e+00
2.447999999999999898e-01 7.551999999999999824e-01 1.000000000000000000e+00
2.447999999999999898e-01 7.551999999999999824e-01 3.000000000000000000e+00
2.574500000000000122e-01 7.425500000000000433e-01 1.000000000000000000e+00
2.837799999999999767e-01 7.162199999999999678e-01 1.000000000000000000e+00
2.600199999999999734e-01 7.399799999999999711e-01 2.000000000000000000e+00
2.877000000000000113e-01 7.123000000000000442e-01 1.000000000000000000e+00
2.846699999999999786e-01 7.153300000000000214e-01 1.000000000000000000e+00
2.889200000000000101e-01 7.110800000000000454e-01 2.000000000000000000e+00
2.889200000000000101e-01 7.110800000000000454e-01 3.000000000000000000e+00
2.935699999999999976e-01 7.064300000000000024e-01 2.000000000000000000e+00
3.077099999999999835e-01 6.922899999999999610e-01 2.000000000000000000e+00
2.690299999999999914e-01 7.309700000000000086e-01 1.000000000000000000e+00
2.803599999999999981e-01 7.196399999999999464e-01 1.000000000000000000e+00
2.959999999999999853e-01 7.039999999999999591e-01 2.000000000000000000e+00
2.793900000000000272e-01 7.206099999999999728e-01 1.000000000000000000e+00
2.793900000000000272e-01 7.206099999999999728e-01 3.000000000000000000e+00
2.760699999999999821e-01 7.239299999999999624e-01 1.000000000000000000e+00
2.863800000000000234e-01 7.136200000000000321e-01 2.000000000000000000e+00
2.104699999999999904e-01 7.895299999999999541e-01 2.000000000000000000e+00
3.005700000000000038e-01 6.994299999999999962e-01 1.000000000000000000e+00
2.823100000000000054e-01 7.176900000000000501e-01 1.000000000000000000e+00
2.835699999999999887e-01 7.164300000000000113e-01 2.000000000000000000e+00
2.707100000000000062e-01 7.292899999999999938e-01 1.000000000000000000e+00
2.881699999999999817e-01 7.118299999999999628e-01 2.000000000000000000e+00
2.881699999999999817e-01 7.118299999999999628e-01 3.000000000000000000e+00
2.848499999999999921e-01 7.151499999999999524e-01 1.000000000000000000e+00
2.848499999999999921e-01 7.151499999999999524e-01 3.000000000000000000e+00
2.378800000000000081e-01 7.621200000000000196e-01 2.000000000000000000e+00
2.942400000000000015e-01 7.057600000000000540e-01 1.000000000000000000e+00
2.927799999999999847e-01 7.072199999999999598e-01 1.000000000000000000e+00
3.039600000000000080e-01 6.960399999999999920e-01 2.000000000000000000e+00
3.226700000000000124e-01 6.773299999999999876e-01 2.000000000000000000e+00
3.437799999999999745e-01 6.562200000000000255e-01 2.000000000000000000e+00
3.672699999999999854e-01 6.327300000000000146e-01 2.000000000000000000e+00
3.712099999999999844e-01 6.287899999999999601e-01 2.000000000000000000e+00
3.714399999999999924e-01 6.285600000000000076e-01 2.000000000000000000e+00
3.714399999999999924e-01 6.285600000000000076e-01 3.000000000000000000e+00
3.468100000000000072e-01 6.531900000000000484e-01 1.000000000000000000e+00
3.659700000000000175e-01 6.340299999999999825e-01 2.000000000000000000e+00
2.921500000000000208e-01 7.078499999999999792e-01 1.000000000000000000e+00
2.837999999999999967e-01 7.161999999999999478e-01 1.000000000000000000e+00
2.523900000000000032e-01 7.476099999999999968e-01 2.000000000000000000e+00
2.594099999999999739e-01 7.405899999999999705e-01 1.000000000000000000e+00
2.708200000000000052e-01 7.291800000000000503e-01 1.000000000000000000e+00
2.674400000000000110e-01 7.325599999999999890e-01 2.000000000000000000e+00
3.498499999999999943e-01 6.501500000000000057e-01 2.000000000000000000e+00
3.483100000000000085e-01 6.516899999999999915e-01 1.000000000000000000e+00
3.410599999999999743e-01 6.589399999999999702e-01 1.000000000000000000e+00
3.244799999999999907e-01 6.755200000000000093e-01 1.000000000000000000e+00
3.275699999999999723e-01 6.724299999999999722e-01 2.000000000000000000e+00
3.149500000000000077e-01 6.850500000000000478e-01 1.000000000000000000e+00
2.611399999999999832e-01 7.388599999999999612e-01 1.000000000000000000e+00
2.721299999999999830e-01 7.278700000000000170e-01 1.000000000000000000e+00
2.675699999999999745e-01 7.324300000000000255e-01 2.000000000000000000e+00
3.031099999999999905e-01 6.968900000000000095e-01 2.000000000000000000e+00
3.245899999999999896e-01 6.754099999999999548e-01 2.000000000000000000e+00
2.776100000000000234e-01 7.223899999999999766e-01 1.000000000000000000e+00
3.085899999999999754e-01 6.914099999999999691e-01 2.000000000000000000e+00
3.098400000000000043e-01 6.901599999999999957e-01 2.000000000000000000e+00
2.993100000000000205e-01 7.006900000000000350e-01 1.000000000000000000e+00
2.937799999999999856e-01 7.062199999999999589e-01 1.000000000000000000e+00
2.665500000000000091e-01 7.334500000000000464e-01 1.000000000000000000e+00
2.665500000000000091e-01 7.334500000000000464e-01 3.000000000000000000e+00
2.663099999999999912e-01 7.336899999999999533e-01 2.000000000000000000e+00
2.797499999999999987e-01 7.202499999999999458e-01 1.000000000000000000e+00
2.780799999999999939e-01 7.219200000000000061e-01 1.000000000000000000e+00
2.711399999999999921e-01 7.288599999999999524e-01 2.000000000000000000e+00
2.702999999999999847e-01 7.297000000000000153e-01 2.000000000000000000e+00
3.226499999999999924e-01 6.773500000000000076e-01 2.000000000000000000e+00
2.653599999999999848e-01 7.346399999999999597e-01 1.000000000000000000e+00
2.357299999999999951e-01 7.642700000000000049e-01 2.000000000000000000e+00
1.910199999999999954e-01 8.089800000000000324e-01 2.000000000000000000e+00
2.550299999999999789e-01 7.449700000000000211e-01 1.000000000000000000e+00
2.639699999999999824e-01 7.360299999999999621e-01 1.000000000000000000e+00
2.080500000000000127e-01 7.919500000000000428e-01 2.000000000000000000e+00
2.080500000000000127e-01 7.919500000000000428e-01 3.000000000000000000e+00
2.080500000000000127e-01 7.919500000000000428e-01 3.000000000000000000e+00
2.093399999999999983e-01 7.906600000000000295e-01 1.000000000000000000e+00
2.771700000000000275e-01 7.228299999999999725e-01 1.000000000000000000e+00
2.610199999999999743e-01 7.389799999999999702e-01 2.000000000000000000e+00
2.324100000000000055e-01 7.675899999999999945e-01 2.000000000000000000e+00
2.262399999999999967e-01 7.737600000000000033e-01 2.000000000000000000e+00
2.101999999999999980e-01 7.897999999999999465e-01 2.000000000000000000e+00
2.101999999999999980e-01 7.897999999999999465e-01 3.000000000000000000e+00
2.714400000000000146e-01 7.285599999999999854e-01 1.000000000000000000e+00
2.383200000000000041e-01 7.616800000000000237e-01 2.000000000000000000e+00
2.688300000000000134e-01 7.311699999999999866e-01 1.000000000000000000e+00
2.531100000000000017e-01 7.468900000000000539e-01 2.000000000000000000e+00
2.765099999999999780e-01 7.234899999999999665e-01 1.000000000000000000e+00
2.685199999999999809e-01 7.314800000000000191e-01 2.000000000000000000e+00
2.747100000000000097e-01 7.252899999999999903e-01 1.000000000000000000e+00
2.580200000000000271e-01 7.419799999999999729e-01 2.000000000000000000e+00
2.580200000000000271e-01 7.419799999999999729e-01 3.000000000000000000e+00
2.567599999999999882e-01 7.432400000000000118e-01 2.000000000000000000e+00
2.567599999999999882e-01 7.432400000000000118e-01 3.000000000000000000e+00
3.098799999999999888e-01 6.901199999999999557e-01 2.000000000000000000e+00
3.207200000000000051e-01 6.792799999999999949e-01 2.000000000000000000e+00
3.207200000000000051e-01 6.792799999999999949e-01 3.000000000000000000e+00
3.452999999999999958e-01 6.546999999999999487e-01 2.000000000000000000e+00
3.452999999999999958e-01 6.546999999999999487e-01 3.000000000000000000e+00
3.117900000000000116e-01 6.882099999999999884e-01 1.000000000000000000e+00
3.486600000000000255e-01 6.513400000000000301e-01 2.000000000000000000e+00
3.749199999999999755e-01 6.250799999999999690e-01 2.000000000000000000e+00
3.311200000000000254e-01 6.688800000000000301e-01 1.000000000000000000e+00
3.384199999999999986e-01 6.615799999999999459e-01 2.000000000000000000e+00
3.466600000000000237e-01 6.533400000000000318e-01 2.000000000000000000e+00
3.662900000000000045e-01 6.337099999999999955e-01 2.000000000000000000e+00
3.739600000000000146e-01 6.260400000000000409e-01 2.000000000000000000e+00
4.248700000000000254e-01 5.751300000000000301e-01 2.000000000000000000e+00
4.244700000000000140e-01 5.755299999999999860e-01 1.000000000000000000e+00
4.032700000000000173e-01 5.967299999999999827e-01 1.000000000000000000e+00
4.032700000000000173e-01 5.967299999999999827e-01 3.000000000000000000e+00
4.032700000000000173e-01 5.967299999999999827e-01 3.000000000000000000e+00
3.931499999999999995e-01 6.068500000000000005e-01 1.000000000000000000e+00
3.722400000000000153e-01 6.277599999999999847e-01 1.000000000000000000e+00
3.722400000000000153e-01 6.277599999999999847e-01 3.000000000000000000e+00
3.700100000000000056e-01 6.299900000000000500e-01 1.000000000000000000e+00
4.015099999999999780e-01 5.984899999999999665e-01 2.000000000000000000e+00
3.437299999999999800e-01 6.562700000000000200e-01 1.000000000000000000e+00
3.467999999999999972e-01 6.532000000000000028e-01 2.000000000000000000e+00
3.181499999999999884e-01 6.818499999999999561e-01 1.000000000000000000e+00
3.983099999999999974e-01 6.016899999999999471e-01 2.000000000000000000e+00
3.810399999999999898e-01 6.189599999999999547e-01 1.000000000000000000e+00
3.406399999999999983e-01 6.593599999999999461e-01 1.000000000000000000e+00
2.884499999999999842e-01 7.115500000000000158e-01 1.000000000000000000e+00
2.939999999999999836e-01 7.059999999999999609e-01 2.000000000000000000e+00
2.461899999999999922e-01 7.538099999999999801e-01 2.000000000000000000e+00
2.908800000000000274e-01 7.091199999999999726e-01 1.000000000000000000e+00
2.557599999999999874e-01 7.442400000000000126e-01 2.000000000000000000e+00
2.883800000000000252e-01 7.116200000000000303e-01 1.000000000000000000e+00
2.835199999999999942e-01 7.164800000000000058e-01 1.000000000000000000e+00
2.847199999999999731e-01 7.152800000000000269e-01 2.000000000000000000e+00
3.438899999999999735e-01 6.561099999999999710e-01 2.000000000000000000e+00
3.569399999999999795e-01 6.430599999999999650e-01 2.000000000000000000e+00
3.913599999999999857e-01 6.086399999999999588e-01 2.000000000000000000e+00
3.834199999999999831e-01 6.165800000000000169e-01 1.000000000000000000e+00
3.354699999999999904e-01 6.645299999999999541e-01 1.000000000000000000e+00
3.149399999999999977e-01 6.850600000000000023e-01 1.000000000000000000e+00
2.417900000000000049e-01 7.582100000000000506e-01 1.000000000000000000e+00
2.467399999999999871e-01 7.532600000000000406e-01 1.000000000000000000e+00
2.555399999999999894e-01 7.444600000000000106e-01 1.000000000000000000e+00
2.433800000000000130e-01 7.566199999999999593e-01 2.000000000000000000e+00
2.778800000000000159e-01 7.221199999999999841e-01 1.000000000000000000e+00
2.866500000000000159e-01 7.133500000000000396e-01 2.000000000000000000e+00
2.939700000000000091e-01 7.060300000000000464e-01 2.000000000000000000e+00
2.740900000000000003e-01 7.259100000000000552e-01 1.000000000000000000e+00
2.312099999999999989e-01 7.687899999999999734e-01 2.000000000000000000e+00
2.602599999999999913e-01 7.397399999999999531e-01 1.000000000000000000e+00
3.223300000000000054e-01 6.776699999999999946e-01 2.000000000000000000e+00
3.223300000000000054e-01 6.776699999999999946e-01 3.000000000000000000e+00
3.109600000000000142e-01 6.890399999999999858e-01 1.000000000000000000e+00
3.064299999999999802e-01 6.935700000000000198e-01 1.000000000000000000e+00
3.989599999999999813e-01 6.010400000000000187e-01 2.000000000000000000e+00
3.989599999999999813e-01 6.010400000000000187e-01 3.000000000000000000e+00
3.670499999999999874e-01 6.329500000000000126e-01 1.000000000000000000e+00
3.593100000000000183e-01 6.406899999999999817e-01 1.000000000000000000e+00
4.063399999999999790e-01 5.936599999999999655e-01 2.000000000000000000e+00
4.063399999999999790e-01 5.936599999999999655e-01 3.000000000000000000e+00
3.871800000000000241e-01 6.128200000000000314e-01 1.000000000000000000e+00
3.883699999999999930e-01 6.116300000000000070e-01 2.000000000000000000e+00
3.891299999999999759e-01 6.108700000000000241e-01 2.000000000000000000e+00
3.483999999999999875e-01 6.515999999999999570e-01 1.000000000000000000e+00
3.483999999999999875e-01 6.515999999999999570e-01 3.000000000000000000e+00
3.448599999999999999e-01 6.551399999999999446e-01 1.000000000000000000e+00
3.243800000000000017e-01 6.756199999999999983e-01 1.000000000000000000e+00
3.107400000000000162e-01 6.892599999999999838e-01 1.000000000000000000e+00
3.107400000000000162e-01 6.892599999999999838e-01 3.000000000000000000e+00
2.801899999999999946e-01 7.198099999999999499e-01 1.000000000000000000e+00
3.491299999999999959e-01 6.508699999999999486e-01 2.000000000000000000e+00
3.491299999999999959e-01 6.508699999999999486e-01 3.000000000000000000e+00
3.491299999999999959e-01 6.508699999999999486e-01 3.000000000000000000e+00
3.332499999999999907e-01 6.667499999999999538e-01 1.000000000000000000e+00
3.168300000000000005e-01 6.831700000000000550e-01 1.000000000000000000e+00
3.148699999999999832e-01 6.851300000000000168e-01 1.000000000000000000e+00
2.337400000000000033e-01 7.662600000000000522e-01 2.000000000000000000e+00
2.337400000000000033e-01 7.662600000000000522e-01 3.000000000000000000e+00
2.643599999999999839e-01 7.356399999999999606e-01 1.000000000000000000e+00
3.060999999999999832e-01 6.938999999999999613e-01 2.000000000000000000e+00
3.038500000000000090e-01 6.961500000000000465e-01 1.000000000000000000e+00
3.125700000000000145e-01 6.874299999999999855e-01 2.000000000000000000e+00
3.024100000000000121e-01 6.975900000000000434e-01 1.000000000000000000e+00
3.369099999999999873e-01 6.630899999999999572e-01 2.000000000000000000e+00
3.369099999999999873e-01 6.630899999999999572e-01 3.000000000000000000e+00
3.429400000000000226e-01 6.570599999999999774e-01 2.000000000000000000e+00
3.429400000000000226e-01 6.570599999999999774e-01 3.000000000000000000e+00
3.436600000000000210e-01 6.563400000000000345e-01 2.000000000000000000e+00
3.294000000000000261e-01 6.705999999999999739e-01 1.000000000000000000e+00
3.126999999999999780e-01 6.873000000000000220e-01 1.000000000000000000e+00
2.967799999999999883e-01 7.032199999999999562e-01 1.000000000000000000e+00
3.313999999999999724e-01 6.685999999999999721e-01 2.000000000000000000e+00
3.463399999999999812e-01 6.536600000000000188e-01 2.000000000000000000e+00
3.463399999999999812e-01 6.536600000000000188e-01 3.000000000000000000e+00
3.579999999999999849e-01 6.420000000000000151e-01 2.000000000000000000e+00
3.513800000000000257e-01 6.486199999999999743e-01 1.000000000000000000e+00
3.513800000000000257e-01 6.486199999999999743e-01 3.000000000000000000e+00
3.351700000000000235e-01 6.648300000000000320e-01 1.000000000000000000e+00
3.351700000000000235e-01 6.648300000000000320e-01 3.000000000000000000e+00
3.221300000000000274e-01 6.778699999999999726e-01 1.000000000000000000e+00
3.099299999999999833e-01 6.900699999999999612e-01 1.000000000000000000e+00
1.834800000000000042e-01 8.165200000000000236e-01 2.000000000000000000e+00
1.834800000000000042e-01 8.165200000000000236e-01 3.000000000000000000e+00
2.803700000000000081e-01 7.196299999999999919e-01 1.000000000000000000e+00
2.778499999999999859e-01 7.221499999999999586e-01 1.000000000000000000e+00
2.790199999999999902e-01 7.209799999999999542e-01 2.000000000000000000e+00
2.652599999999999958e-01 7.347399999999999487e-01 2.000000000000000000e+00
2.652599999999999958e-01 7.347399999999999487e-01 3.000000000000000000e+00
2.651100000000000123e-01 7.348900000000000432e-01 2.000000000000000000e+00
2.603699999999999903e-01 7.396300000000000097e-01 2.000000000000000000e+00
2.586800000000000210e-01 7.413199999999999790e-01 2.000000000000000000e+00
2.556899999999999729e-01 7.443100000000000271e-01 2.000000000000000000e+00
2.699500000000000233e-01 7.300499999999999767e-01 1.000000000000000000e+00
3.076800000000000090e-01 6.923200000000000465e-01 2.000000000000000000e+00
3.109999999999999987e-01 6.889999999999999458e-01 2.000000000000000000e+00
3.113000000000000211e-01 6.886999999999999789e-01 2.000000000000000000e+00
2.520100000000000118e-01 7.479900000000000437e-01 1.000000000000000000e+00
2.520100000000000118e-01 7.479900000000000437e-01 3.000000000000000000e+00
2.586300000000000265e-01 7.413699999999999735e-01 1.000000000000000000e+00
2.390799999999999870e-01 7.609200000000000408e-01 2.000000000000000000e+00
2.863299999999999734e-01 7.136700000000000266e-01 1.000000000000000000e+00
2.863299999999999734e-01 7.136700000000000266e-01 3.000000000000000000e+00
2.696200000000000263e-01 7.303800000000000292e-01 1.000000000000000000e+00
2.688499999999999779e-01 7.311499999999999666e-01 2.000000000000000000e+00
2.684599999999999764e-01 7.315399999999999681e-01 2.000000000000000000e+00
2.753999999999999782e-01 7.246000000000000218e-01 1.000000000000000000e+00
2.712800000000000211e-01 7.287200000000000344e-01 2.000000000000000000e+00
2.712800000000000211e-01 7.287200000000000344e-01 3.000000000000000000e+00
2.712800000000000211e-01 7.287200000000000344e-01 3.000000000000000000e+00
2.682999999999999829e-01 7.317000000000000171e-01 2.000000000000000000e+00
2.562900000000000178e-01 7.437099999999999822e-01 2.000000000000000000e+00
2.289599999999999969e-01 7.710399999999999476e-01 2.000000000000000000e+00
2.289599999999999969e-01 7.710399999999999476e-01 3.000000000000000000e+00
2.169899999999999884e-01 7.830099999999999838e-01 2.000000000000000000e+00
2.169899999999999884e-01 7.830099999999999838e-01 3.000000000000000000e+00
2.138799999999999868e-01 7.861200000000000410e-01 2.000000000000000000e+00
2.138799999999999868e-01 7.861200000000000410e-01 3.000000000000000000e+00
2.671399999999999886e-01 7.328599999999999559e-01 1.000000000000000000e+00
3.191499999999999893e-01 6.808499999999999552e-01 2.000000000000000000e+00
3.547699999999999743e-01 6.452299999999999702e-01 2.000000000000000000e+00
3.547699999999999743e-01 6.452299999999999702e-01 3.000000000000000000e+00
3.816999999999999837e-01 6.182999999999999607e-01 2.000000000000000000e+00
2.955599999999999894e-01 7.044399999999999551e-01 1.000000000000000000e+00
2.955599999999999894e-01 7.044399999999999551e-01 3.000000000000000000e+00
2.961199999999999943e-01 7.038799999999999502e-01 2.000000000000000000e+00
2.867199999999999749e-01 7.132800000000000251e-01 1.000000000000000000e+00
3.027500000000000191e-01 6.972500000000000364e-01 2.000000000000000000e+00
3.261399999999999855e-01 6.738600000000000145e-01 2.000000000000000000e+00
3.317599999999999993e-01 6.682399999999999451e-01 2.000000000000000000e+00
3.672699999999999854e-01 6.327300000000000146e-01 2.000000000000000000e+00
3.686300000000000132e-01 6.313699999999999868e-01 2.000000000000000000e+00
3.725600000000000023e-01 6.274399999999999977e-01 2.000000000000000000e+00
3.325699999999999767e-01 6.674299999999999677e-01 1.000000000000000000e+00
3.325699999999999767e-01 6.674299999999999677e-01 3.000000000000000000e+00
3.118799999999999906e-01 6.881199999999999539e-01 1.000000000000000000e+00
3.125999999999999890e-01 6.874000000000000110e-01 2.000000000000000000e+00
3.096800000000000108e-01 6.903200000000000447e-01 1.000000000000000000e+00
3.096800000000000108e-01 6.903200000000000447e-01 3.000000000000000000e+00
2.674500000000000210e-01 7.325500000000000345e-01 1.000000000000000000e+00
2.933899999999999841e-01 7.066099999999999604e-01 2.000000000000000000e+00
2.899800000000000155e-01 7.100199999999999845e-01 1.000000000000000000e+00
2.955999999999999739e-01 7.044000000000000261e-01 2.000000000000000000e+00
2.955999999999999739e-01 7.044000000000000261e-01 3.000000000000000000e+00
2.961500000000000243e-01 7.038499999999999757e-01 2.000000000000000000e+00
3.041099999999999914e-01 6.958900000000000086e-01 2.000000000000000000e+00
3.041099999999999914e-01 6.958900000000000086e-01 3.000000000000000000e+00
2.867899999999999894e-01 7.132100000000000106e-01 1.000000000000000000e+00
2.900400000000000200e-01 7.099600000000000355e-01 2.000000000000000000e+00
2.938399999999999901e-01 7.061600000000000099e-01 2.000000000000000000e+00
2.938399999999999901e-01 7.061600000000000099e-01 3.000000000000000000e+00
2.846099999999999741e-01 7.153899999999999704e-01 1.000000000000000000e+00
2.787399999999999878e-01 7.212600000000000122e-01 1.000000000000000000e+00
2.245900000000000118e-01 7.754100000000000437e-01 2.000000000000000000e+00
2.347599999999999965e-01 7.652400000000000313e-01 1.000000000000000000e+00
2.024400000000000088e-01 7.975600000000000467e-01 2.000000000000000000e+00
2.024400000000000088e-01 7.975600000000000467e-01 3.000000000000000000e+00
2.146699999999999997e-01 7.853299999999999725e-01 1.000000000000000000e+00
2.146699999999999997e-01 7.853299999999999725e-01 3.000000000000000000e+00
2.137199999999999933e-01 7.862799999999999789e-01 2.000000000000000000e+00
2.460199999999999887e-01 7.539799999999999836e-01 1.000000000000000000e+00
2.537099999999999911e-01 7.462900000000000089e-01 1.000000000000000000e+00
2.115100000000000036e-01 7.884900000000000242e-01 2.000000000000000000e+00
1.941100000000000048e-01 8.058899999999999952e-01 2.000000000000000000e+00
1.941100000000000048e-01 8.058899999999999952e-01 3.000000000000000000e+00
1.941100000000000048e-01 8.058899999999999952e-01 3.000000000000000000e+00
2.133400000000000019e-01 7.866600000000000259e-01 1.000000000000000000e+00
2.127600000000000047e-01 7.872400000000000508e-01 2.000000000000000000e+00
2.127600000000000047e-01 7.872400000000000508e-01 3.000000000000000000e+00
2.022400000000000031e-01 7.977600000000000247e-01 2.000000000000000000e+00
2.196599999999999941e-01 7.803400000000000336e-01 1.000000000000000000e+00
2.649500000000000188e-01 7.350499999999999812e-01 1.000000000000000000e+00
2.706500000000000017e-01 7.293500000000000538e-01 1.000000000000000000e+00
2.705699999999999772e-01 7.294300000000000228e-01 2.000000000000000000e+00
2.721600000000000130e-01 7.278400000000000425e-01 1.000000000000000000e+00
2.643699999999999939e-01 7.356300000000000061e-01 2.000000000000000000e+00
2.541599999999999970e-01 7.458399999999999475e-01 2.000000000000000000e+00
2.187300000000000078e-01 7.812700000000000200e-01 2.000000000000000000e+00
2.171700000000000019e-01 7.828300000000000258e-01 2.000000000000000000e+00
2.505299999999999749e-01 7.494699999999999696e-01 1.000000000000000000e+00
2.552300000000000124e-01 7.447700000000000431e-01 1.000000000000000000e+00
2.552300000000000124e-01 7.447700000000000431e-01 3.000000000000000000e+00
2.624400000000000066e-01 7.375599999999999934e-01 1.000000000000000000e+00
2.622800000000000131e-01 7.377200000000000424e-01 2.000000000000000000e+00
2.645399999999999974e-01 7.354600000000000026e-01 1.000000000000000000e+00
2.645399999999999974e-01 7.354600000000000026e-01 3.000000000000000000e+00
2.951400000000000134e-01 7.048600000000000421e-01 2.000000000000000000e+00
3.192699999999999982e-01 6.807299999999999462e-01 2.000000000000000000e+00
3.144199999999999773e-01 6.855799999999999672e-01 1.000000000000000000e+00
2.895400000000000196e-01 7.104599999999999804e-01 1.000000000000000000e+00
2.777700000000000169e-01 7.222300000000000386e-01 1.000000000000000000e+00
2.749699999999999922e-01 7.250299999999999523e-01 2.000000000000000000e+00
2.752899999999999792e-01 7.247099999999999653e-01 1.000000000000000000e+00
2.761100000000000221e-01 7.238900000000000334e-01 1.000000000000000000e+00
3.240100000000000202e-01 6.759899999999999798e-01 2.000000000000000000e+00
2.598599999999999799e-01 7.401400000000000201e-01 1.000000000000000000e+00
2.547900000000000165e-01 7.452100000000000390e-01 2.000000000000000000e+00
2.550200000000000244e-01 7.449799999999999756e-01 1.000000000000000000e+00
2.550200000000000244e-01 7.449799999999999756e-01 3.000000000000000000e+00
2.680799999999999850e-01 7.319200000000000150e-01 1.000000000000000000e+00
2.680799999999999850e-01 7.319200000000000150e-01 3.000000000000000000e+00
2.652800000000000158e-01 7.347200000000000397e-01 2.000000000000000000e+00
2.797299999999999787e-01 7.202699999999999658e-01 1.000000000000000000e+00
2.909999999999999809e-01 7.089999999999999636e-01 2.000000000000000000e+00
2.786699999999999733e-01 7.213300000000000267e-01 1.000000000000000000e+00
2.786699999999999733e-01 7.213300000000000267e-01 3.000000000000000000e+00
2.786699999999999733e-01 7.213300000000000267e-01 3.000000000000000000e+00
2.760799999999999921e-01 7.239200000000000079e-01 1.000000000000000000e+00
2.994499999999999940e-01 7.005500000000000060e-01 2.000000000000000000e+00
2.994499999999999940e-01 7.005500000000000060e-01 3.000000000000000000e+00
2.969200000000000172e-01 7.030800000000000383e-01 1.000000000000000000e+00
2.969200000000000172e-01 7.030800000000000383e-01 3.000000000000000000e+00
2.988799999999999790e-01 7.011199999999999655e-01 2.000000000000000000e+00
3.103699999999999792e-01 6.896299999999999653e-01 2.000000000000000000e+00
3.103600000000000247e-01 6.896400000000000308e-01 1.000000000000000000e+00
2.989800000000000235e-01 7.010199999999999765e-01 1.000000000000000000e+00
2.784099999999999908e-01 7.215899999999999537e-01 1.000000000000000000e+00
2.212800000000000045e-01 7.787199999999999678e-01 2.000000000000000000e+00
1.933600000000000041e-01 8.066400000000000237e-01 2.000000000000000000e+00
2.162399999999999878e-01 7.837600000000000122e-01 1.000000000000000000e+00
2.162399999999999878e-01 7.837600000000000122e-01 3.000000000000000000e+00
2.289599999999999969e-01 7.710399999999999476e-01 1.000000000000000000e+00
1.981499999999999928e-01 8.018499999999999517e-01 2.000000000000000000e+00
1.981499999999999928e-01 8.018499999999999517e-01 3.000000000000000000e+00
1.969799999999999884e-01 8.030199999999999561e-01 2.000000000000000000e+00
1.969799999999999884e-01 8.030199999999999561e-01 3.000000000000000000e+00
1.890999999999999903e-01 8.108999999999999542e-01 2.000000000000000000e+00
2.251400000000000068e-01 7.748599999999999932e-01 1.000000000000000000e+00
2.310000000000000109e-01 7.690000000000000169e-01 1.000000000000000000e+00
3.491099999999999759e-01 6.508899999999999686e-01 2.000000000000000000e+00
3.256700000000000150e-01 6.743299999999999850e-01 1.000000000000000000e+00
2.761600000000000166e-01 7.238400000000000389e-01 1.000000000000000000e+00
2.797899999999999832e-01 7.202100000000000168e-01 2.000000000000000000e+00
2.676000000000000045e-01 7.324000000000000510e-01 2.000000000000000000e+00
2.730099999999999749e-01 7.269900000000000251e-01 1.000000000000000000e+00
2.780500000000000194e-01 7.219499999999999806e-01 1.000000000000000000e+00
2.809800000000000075e-01 7.190199999999999925e-01 2.000000000000000000e+00
2.803599999999999981e-01 7.196399999999999464e-01 1.000000000000000000e+00
2.897700000000000276e-01 7.102300000000000280e-01 2.000000000000000000e+00
3.166900000000000270e-01 6.833099999999999730e-01 2.000000000000000000e+00
3.158500000000000196e-01 6.841500000000000359e-01 1.000000000000000000e+00
2.765099999999999780e-01 7.234899999999999665e-01 1.000000000000000000e+00
2.522800000000000042e-01 7.477200000000000513e-01 2.000000000000000000e+00
2.668699999999999961e-01 7.331299999999999484e-01 1.000000000000000000e+00
2.837100000000000177e-01 7.162899999999999823e-01 1.000000000000000000e+00
2.404399999999999871e-01 7.595600000000000129e-01 2.000000000000000000e+00
2.356600000000000084e-01 7.643400000000000194e-01 2.000000000000000000e+00
2.384699999999999875e-01 7.615300000000000402e-01 1.000000000000000000e+00
2.402799999999999936e-01 7.597199999999999509e-01 1.000000000000000000e+00
2.695699999999999763e-01 7.304300000000000237e-01 1.000000000000000000e+00
2.695100000000000273e-01 7.304899999999999727e-01 2.000000000000000000e+00
3.014899999999999802e-01 6.985099999999999643e-01 2.000000000000000000e+00
3.326100000000000168e-01 6.673900000000000388e-01 2.000000000000000000e+00
3.319699999999999873e-01 6.680300000000000127e-01 1.000000000000000000e+00
3.148500000000000187e-01 6.851500000000000368e-01 1.000000000000000000e+00
2.914999999999999813e-01 7.085000000000000187e-01 1.000000000000000000e+00
3.620499999999999829e-01 6.379500000000000171e-01 2.000000000000000000e+00
3.593199999999999728e-01 6.406800000000000272e-01 1.000000000000000000e+00
3.593199999999999728e-01 6.406800000000000272e-01 3.000000000000000000e+00
3.593199999999999728e-01 6.406800000000000272e-01 3.000000000000000000e+00
3.600800000000000112e-01 6.399200000000000443e-01 2.000000000000000000e+00
3.685700000000000087e-01 6.314300000000000468e-01 2.000000000000000000e+00
2.934499999999999886e-01 7.065500000000000114e-01 1.000000000000000000e+00
2.957400000000000029e-01 7.042599999999999971e-01 2.000000000000000000e+00
3.617299999999999960e-01 6.382700000000000040e-01 2.000000000000000000e+00
3.446199999999999819e-01 6.553799999999999626e-01 1.000000000000000000e+00
3.439699999999999980e-01 6.560300000000000020e-01 1.000000000000000000e+00
3.498100000000000098e-01 6.501900000000000457e-01 2.000000000000000000e+00
3.619700000000000140e-01 6.380299999999999860e-01 2.000000000000000000e+00
3.945400000000000018e-01 6.054599999999999982e-01 2.000000000000000000e+00
3.945400000000000018e-01 6.054599999999999982e-01 3.000000000000000000e+00
3.632000000000000228e-01 6.368000000000000327e-01 1.000000000000000000e+00
3.307999999999999829e-01 6.692000000000000171e-01 1.000000000000000000e+00
3.289099999999999802e-01 6.710899999999999643e-01 1.000000000000000000e+00
3.423900000000000277e-01 6.576100000000000279e-01 2.000000000000000000e+00
3.257300000000000195e-01 6.742700000000000360e-01 1.000000000000000000e+00
3.148099999999999787e-01 6.851899999999999658e-01 1.000000000000000000e+00
3.148099999999999787e-01 6.851899999999999658e-01 3.000000000000000000e+00
2.661899999999999822e-01 7.338099999999999623e-01 1.000000000000000000e+00
2.661899999999999822e-01 7.338099999999999623e-01 3.000000000000000000e+00
2.598900000000000099e-01 7.401100000000000456e-01 2.000000000000000000e+00
2.584299999999999931e-01 7.415699999999999514e-01 2.000000000000000000e+00
2.585399999999999920e-01 7.414600000000000080e-01 1.000000000000000000e+00
2.666499999999999981e-01 7.333499999999999464e-01 1.000000000000000000e+00
3.387800000000000256e-01 6.612200000000000299e-01 2.000000000000000000e+00
3.723000000000000198e-01 6.277000000000000357e-01 2.000000000000000000e+00
3.565099999999999936e-01 6.434900000000000064e-01 1.000000000000000000e+00
3.689600000000000102e-01 6.310400000000000453e-01 2.000000000000000000e+00
3.466600000000000237e-01 6.533400000000000318e-01 1.000000000000000000e+00
3.198500000000000232e-01 6.801500000000000323e-01 1.000000000000000000e+00
3.230999999999999983e-01 6.768999999999999462e-01 2.000000000000000000e+00
3.230999999999999983e-01 6.768999999999999462e-01 3.000000000000000000e+00
3.195200000000000262e-01 6.804799999999999738e-01 1.000000000000000000e+00
3.235899999999999888e-01 6.764099999999999557e-01 2.000000000000000000e+00
3.098799999999999888e-01 6.901199999999999557e-01 1.000000000000000000e+00
3.224400000000000044e-01 6.775600000000000511e-01 2.000000000000000000e+00
3.136099999999999999e-01 6.863899999999999446e-01 1.000000000000000000e+00
3.152099999999999902e-01 6.847900000000000098e-01 2.000000000000000000e+00
3.201399999999999801e-01 6.798600000000000199e-01 2.000000000000000000e+00
3.201399999999999801e-01 6.798600000000000199e-01 3.000000000000000000e+00
3.095200000000000173e-01 6.904799999999999827e-01 1.000000000000000000e+00
3.146599999999999953e-01 6.853399999999999492e-01 2.000000000000000000e+00
2.858899999999999775e-01 7.141100000000000225e-01 1.000000000000000000e+00
2.858899999999999775e-01 7.141100000000000225e-01 3.000000000000000000e+00
3.197300000000000142e-01 6.802700000000000413e-01 2.000000000000000000e+00
3.197300000000000142e-01 6.802700000000000413e-01 3.000000000000000000e+00
3.197300000000000142e-01 6.802700000000000413e-01 3.000000000000000000e+00
